1 0.3765625 0.50078125 0.153125 0.06875
1 0.371875 0.76171875 0.1375 0.07890625
1 0.37890625 0.8546875 0.1484375 0.07890625
1 0.378125 0.9515625 0.13515625 0.07734375
1 0.709375 0.76171875 0.16171875 0.08828125
1 0.7078125 0.659375 0.15 0.08828125
1 0.70703125 0.56875 0.1484375 0.06875
1 0.70390625 0.4828125 0.14609375 0.07578125
1 0.8390625 0.5390625 0.059375 0.1703125
1 0.9625 0.5140625 0.0546875 0.15078125
1 0.90078125 0.53359375 0.0484375 0.14765625
1 0.834375 0.721875 0.0546875 0.1671875
1 0.89921875 0.734375 0.0546875 0.125
1 0.96484375 0.70078125 0.059375 0.16484375
0 0.3703125 0.4203125 0.15078125 0.08203125