1 0.6234375 0.50078125 0.153125 0.06875
1 0.628125 0.76171875 0.1375 0.07890625
1 0.62109375 0.8546875 0.1484375 0.07890625
1 0.621875 0.9515625 0.13515625 0.07734375
1 0.290625 0.76171875 0.16171875 0.08828125
1 0.2921875 0.659375 0.15 0.08828125
1 0.29296875 0.56875 0.1484375 0.06875
1 0.29609375 0.4828125 0.14609375 0.07578125
1 0.1609375 0.5390625 0.059375 0.1703125
1 0.0375 0.5140625 0.0546875 0.15078125
1 0.09921875 0.53359375 0.0484375 0.14765625
1 0.165625 0.721875 0.0546875 0.1671875
1 0.10078125 0.734375 0.0546875 0.125
1 0.03515625 0.70078125 0.059375 0.16484375
0 0.6296875 0.4203125 0.15078125 0.08203125