1 0.12734375 0.4703125 0.20859375 0.115625
1 0.1234375 0.6078125 0.21953125 0.1265625
1 0.12578125 0.74375 0.19765625 0.1265625
1 0.61875 0.61015625 0.20546875 0.1078125
1 0.6078125 0.48125 0.19453125 0.109375
1 0.6078125 0.33984375 0.19765625 0.11171875
1 0.6171875 0.2171875 0.19609375 0.1078125
1 0.6203125 0.09296875 0.1953125 0.11875
1 0.78125 0.16796875 0.0734375 0.24140625
1 0.8734375 0.1671875 0.0859375 0.24765625
1 0.9640625 0.16640625 0.071875 0.2359375
1 0.9640625 0.4484375 0.0703125 0.234375
1 0.86484375 0.42265625 0.08515625 0.25078125
1 0.77109375 0.42734375 0.07734375 0.2546875
1 0.59453125 0.92109375 0.2265625 0.11875