1 0.05 0.3453125 0.1 0.240625
1 0.1625 0.34609375 0.11171875 0.225
1 0.3671875 0.3359375 0.096875 0.21953125
1 0.48046875 0.36171875 0.09296875 0.2390625
1 0.58125 0.3546875 0.0859375 0.21953125
1 0.6765625 0.3640625 0.08046875 0.23828125
1 0.0890625 0.89140625 0.096875 0.2171875
1 0.1953125 0.89296875 0.08828125 0.2140625
1 0.30703125 0.89609375 0.103125 0.2078125
1 0.5125 0.896875 0.078125 0.20625
1 0.728125 0.88671875 0.103125 0.2046875
1 0.84296875 0.8859375 0.096875 0.2109375
1 0.946875 0.88359375 0.0953125 0.21015625
0 0.271875 0.35234375 0.09140625 0.2203125
0 0.41875 0.896875 0.0984375 0.20625