0 0.63828125 0.73984375 0.109375 0.3125
0 0.6328125 0.42421875 0.09296875 0.29140625
0 0.390625 0.42578125 0.10078125 0.2953125
0 0.2765625 0.4265625 0.10234375 0.29453125
0 0.2859375 0.73515625 0.1109375 0.29296875
0 0.1703125 0.73515625 0.090625 0.30234375
0 0.05234375 0.73984375 0.1046875 0.30078125
1 0.16640625 0.4203125 0.09375 0.28359375
1 0.04765625 0.42421875 0.0953125 0.28125
1 0.4015625 0.7328125 0.1078125 0.30234375
1 0.50859375 0.421875 0.10546875 0.30078125
1 0.52109375 0.73984375 0.1109375 0.2875