0 0.36171875 0.73984375 0.109375 0.3125
0 0.3671875 0.42421875 0.09296875 0.29140625
0 0.609375 0.42578125 0.10078125 0.2953125
0 0.7234375 0.4265625 0.10234375 0.29453125
0 0.7140625 0.73515625 0.1109375 0.29296875
0 0.8296875 0.73515625 0.090625 0.30234375
0 0.94765625 0.73984375 0.1046875 0.30078125
1 0.83359375 0.4203125 0.09375 0.28359375
1 0.95234375 0.42421875 0.0953125 0.28125
1 0.5984375 0.7328125 0.1078125 0.30234375
1 0.49140625 0.421875 0.10546875 0.30078125
1 0.47890625 0.73984375 0.1109375 0.2875