1 0.08828125 0.228125 0.1015625 0.26015625
1 0.32890625 0.24140625 0.10390625 0.2484375
1 0.60546875 0.78671875 0.10546875 0.27265625
1 0.49609375 0.7984375 0.08984375 0.2515625
1 0.38984375 0.81875 0.0875 0.26484375
1 0.28203125 0.81328125 0.0875 0.26171875
1 0.16875 0.82421875 0.0953125 0.2578125
1 0.046875 0.79296875 0.09375 0.30546875
0 0.1953125 0.2328125 0.103125 0.2421875
1 0.93828125 0.665625 0.1109375 0.26484375
1 0.92890625 0.89921875 0.11328125 0.1734375
1 0.90078125 0.12890625 0.103125 0.2578125