1 0.15390625 0.08046875 0.253125 0.1234375
1 0.1609375 0.21171875 0.25 0.11484375
1 0.15390625 0.34375 0.24296875 0.11484375
1 0.18125 0.615625 0.23828125 0.0953125
1 0.16640625 0.74765625 0.2203125 0.1
1 0.15859375 0.871875 0.25 0.1
1 0.65234375 0.79296875 0.20703125 0.13203125
1 0.63046875 0.66484375 0.2109375 0.125
1 0.63203125 0.53046875 0.20546875 0.10859375
1 0.6515625 0.39609375 0.20234375 0.10390625
1 0.646875 0.259375 0.16640625 0.11015625
1 0.65390625 0.13046875 0.196875 0.11484375
1 0.6484375 0.03671875 0.20546875 0.05859375
0 0.16484375 0.478125 0.2109375 0.13671875
0 0.65 0.9328125 0.1875 0.13359375