1 0.84609375 0.08046875 0.253125 0.1234375
1 0.8390625 0.21171875 0.25 0.11484375
1 0.84609375 0.34375 0.24296875 0.11484375
1 0.81875 0.615625 0.23828125 0.0953125
1 0.83359375 0.74765625 0.2203125 0.1
1 0.84140625 0.871875 0.25 0.1
1 0.34765625 0.79296875 0.20703125 0.13203125
1 0.36953125 0.66484375 0.2109375 0.125
1 0.36796875 0.53046875 0.20546875 0.10859375
1 0.3484375 0.39609375 0.20234375 0.10390625
1 0.353125 0.259375 0.16640625 0.11015625
1 0.34609375 0.13046875 0.196875 0.11484375
1 0.3515625 0.03671875 0.20546875 0.05859375
0 0.83515625 0.478125 0.2109375 0.13671875
0 0.35 0.9328125 0.1875 0.13359375