1 0.11015625 0.31015625 0.059375 0.15
1 0.178125 0.31953125 0.05078125 0.1453125
1 0.24296875 0.31328125 0.0640625 0.15546875
1 0.296875 0.3078125 0.06796875 0.13359375
1 0.36640625 0.3171875 0.046875 0.15234375
1 0.41640625 0.3078125 0.05703125 0.16015625
1 0.53125 0.3140625 0.0546875 0.1421875
1 0.59296875 0.303125 0.0484375 0.13515625
1 0.65390625 0.3109375 0.06328125 0.15390625
1 0.71953125 0.30625 0.05078125 0.13359375
1 0.7828125 0.3109375 0.06171875 0.11953125
1 0.83671875 0.3015625 0.05546875 0.1234375
1 0.90390625 0.30234375 0.06328125 0.128125
1 0.90390625 0.540625 0.053125 0.13671875
1 0.840625 0.534375 0.053125 0.128125
1 0.77890625 0.53984375 0.04609375 0.15234375
1 0.7109375 0.5328125 0.053125 0.15
1 0.64921875 0.5390625 0.0421875 0.15390625
1 0.59375 0.54765625 0.05234375 0.15703125
1 0.5265625 0.55625 0.046875 0.17109375
1 0.4265625 0.534375 0.059375 0.1421875
1 0.35625 0.56484375 0.05546875 0.15859375
1 0.30078125 0.55546875 0.05234375 0.1640625
1 0.23984375 0.5546875 0.0484375 0.15703125
1 0.18359375 0.5390625 0.05234375 0.13359375
1 0.11953125 0.5390625 0.053125 0.13671875
1 0.15703125 0.9046875 0.071875 0.1234375
1 0.2234375 0.8984375 0.06953125 0.13203125
1 0.28046875 0.90625 0.06328125 0.13828125
1 0.3375 0.90234375 0.0609375 0.13984375
1 0.40546875 0.90546875 0.078125 0.13984375
1 0.4734375 0.90390625 0.0640625 0.13359375
1 0.53125 0.896875 0.06328125 0.125
1 0.59453125 0.90546875 0.0609375 0.1421875
1 0.65234375 0.903125 0.0703125 0.1296875
1 0.71875 0.89921875 0.0671875 0.128125
1 0.77421875 0.90390625 0.06328125 0.13984375
1 0.83671875 0.896875 0.0609375 0.13359375