1 0.2265625 0.18046875 0.08828125 0.046875
1 0.22265625 0.125 0.08125 0.04921875
1 0.21875 0.06640625 0.08828125 0.05078125
1 0.22265625 0.01484375 0.084375 0.0296875
1 0.4921875 0.21796875 0.0359375 0.10859375
1 0.53125 0.21640625 0.04609375 0.10859375
1 0.57421875 0.21640625 0.04296875 0.09765625
1 0.615625 0.21484375 0.0390625 0.09921875
1 0.65546875 0.21484375 0.0390625 0.1015625
1 0.69921875 0.21953125 0.03984375 0.103125
1 0.740625 0.21796875 0.04296875 0.10625
1 0.82578125 0.21640625 0.03828125 0.1046875
1 0.86484375 0.21640625 0.03828125 0.10859375
1 0.90390625 0.21640625 0.0359375 0.1046875
1 0.9421875 0.21328125 0.04296875 0.1125
1 0.98203125 0.21328125 0.0359375 0.1109375
1 0.47265625 0.459375 0.03984375 0.09765625
1 0.55625 0.45859375 0.03671875 0.09609375
1 0.596875 0.45625 0.04140625 0.10078125
1 0.6359375 0.4625 0.03671875 0.1015625
1 0.71328125 0.45703125 0.03984375 0.09609375
1 0.75390625 0.45625 0.04140625 0.0953125
1 0.79765625 0.4578125 0.04296875 0.09765625
1 0.8390625 0.45546875 0.04296875 0.09609375
1 0.8796875 0.45546875 0.03828125 0.09609375
1 0.92109375 0.453125 0.04296875 0.09765625
1 0.9640625 0.453125 0.0359375 0.0953125
1 0.959375 0.63359375 0.03203125 0.103125
1 0.91796875 0.6375 0.034375 0.10703125
1 0.91328125 0.91796875 0.02890625 0.09921875
1 0.87421875 0.921875 0.03671875 0.1015625
1 0.83359375 0.9234375 0.0359375 0.1015625
1 0.7890625 0.92109375 0.034375 0.10703125
1 0.74921875 0.9203125 0.03671875 0.103125
1 0.70703125 0.92421875 0.0359375 0.10625
1 0.6265625 0.92890625 0.03671875 0.1046875
1 0.58203125 0.921875 0.03828125 0.10703125
1 0.540625 0.92578125 0.03515625 0.10625
1 0.50078125 0.92578125 0.03671875 0.103125
1 0.45859375 0.925 0.034375 0.09609375
1 0.83671875 0.634375 0.034375 0.09921875
1 0.79375 0.6359375 0.0328125 0.1015625
1 0.75234375 0.6328125 0.03984375 0.10703125
1 0.7125 0.63515625 0.04140625 0.103125
1 0.6390625 0.6390625 0.03984375 0.10625
1 0.596875 0.63828125 0.0359375 0.103125
1 0.5546875 0.63984375 0.0328125 0.1046875
1 0.51484375 0.63984375 0.03203125 0.1125
1 0.47421875 0.63984375 0.0453125 0.11015625
1 0.43125 0.6421875 0.04140625 0.10859375
1 0.078125 0.9734375 0.08984375 0.053125
1 0.0734375 0.90078125 0.06875 0.05078125
1 0.06953125 0.82890625 0.08125 0.06171875
1 0.07109375 0.76640625 0.0859375 0.05234375
1 0.06640625 0.70234375 0.08203125 0.0453125
1 0.0625 0.6390625 0.0953125 0.05390625
1 0.05703125 0.54765625 0.08828125 0.03828125
1 0.05546875 0.49296875 0.0921875 0.0546875
0 0.11640625 0.18515625 0.0703125 0.05390625
0 0.11484375 0.12890625 0.0671875 0.05625
0 0.1140625 0.0703125 0.07109375 0.0578125
0 0.11328125 0.0203125 0.07421875 0.03828125
0 0.78203125 0.21484375 0.0421875 0.1046875
0 0.5171875 0.459375 0.03984375 0.09375
0 0.4328125 0.459375 0.03984375 0.09609375
0 0.87890625 0.63203125 0.04296875 0.10703125
0 0.66953125 0.925 0.04609375 0.1046875