1 0.7734375 0.18046875 0.08828125 0.046875
1 0.77734375 0.125 0.08125 0.04921875
1 0.78125 0.06640625 0.08828125 0.05078125
1 0.77734375 0.01484375 0.084375 0.0296875
1 0.5078125 0.21796875 0.0359375 0.10859375
1 0.46875 0.21640625 0.04609375 0.10859375
1 0.42578125 0.21640625 0.04296875 0.09765625
1 0.384375 0.21484375 0.0390625 0.09921875
1 0.34453125 0.21484375 0.0390625 0.1015625
1 0.30078125 0.21953125 0.03984375 0.103125
1 0.259375 0.21796875 0.04296875 0.10625
1 0.17421875 0.21640625 0.03828125 0.1046875
1 0.13515625 0.21640625 0.03828125 0.10859375
1 0.09609375 0.21640625 0.0359375 0.1046875
1 0.0578125 0.21328125 0.04296875 0.1125
1 0.01796875 0.21328125 0.0359375 0.1109375
1 0.52734375 0.459375 0.03984375 0.09765625
1 0.44375 0.45859375 0.03671875 0.09609375
1 0.403125 0.45625 0.04140625 0.10078125
1 0.3640625 0.4625 0.03671875 0.1015625
1 0.28671875 0.45703125 0.03984375 0.09609375
1 0.24609375 0.45625 0.04140625 0.0953125
1 0.20234375 0.4578125 0.04296875 0.09765625
1 0.1609375 0.45546875 0.04296875 0.09609375
1 0.1203125 0.45546875 0.03828125 0.09609375
1 0.07890625 0.453125 0.04296875 0.09765625
1 0.0359375 0.453125 0.0359375 0.0953125
1 0.040625 0.63359375 0.03203125 0.103125
1 0.08203125 0.6375 0.034375 0.10703125
1 0.08671875 0.91796875 0.02890625 0.09921875
1 0.12578125 0.921875 0.03671875 0.1015625
1 0.16640625 0.9234375 0.0359375 0.1015625
1 0.2109375 0.92109375 0.034375 0.10703125
1 0.25078125 0.9203125 0.03671875 0.103125
1 0.29296875 0.92421875 0.0359375 0.10625
1 0.3734375 0.92890625 0.03671875 0.1046875
1 0.41796875 0.921875 0.03828125 0.10703125
1 0.459375 0.92578125 0.03515625 0.10625
1 0.49921875 0.92578125 0.03671875 0.103125
1 0.54140625 0.925 0.034375 0.09609375
1 0.16328125 0.634375 0.034375 0.09921875
1 0.20625 0.6359375 0.0328125 0.1015625
1 0.24765625 0.6328125 0.03984375 0.10703125
1 0.2875 0.63515625 0.04140625 0.103125
1 0.3609375 0.6390625 0.03984375 0.10625
1 0.403125 0.63828125 0.0359375 0.103125
1 0.4453125 0.63984375 0.0328125 0.1046875
1 0.48515625 0.63984375 0.03203125 0.1125
1 0.52578125 0.63984375 0.0453125 0.11015625
1 0.56875 0.6421875 0.04140625 0.10859375
1 0.921875 0.9734375 0.08984375 0.053125
1 0.9265625 0.90078125 0.06875 0.05078125
1 0.93046875 0.82890625 0.08125 0.06171875
1 0.92890625 0.76640625 0.0859375 0.05234375
1 0.93359375 0.70234375 0.08203125 0.0453125
1 0.9375 0.6390625 0.0953125 0.05390625
1 0.94296875 0.54765625 0.08828125 0.03828125
1 0.94453125 0.49296875 0.0921875 0.0546875
0 0.88359375 0.18515625 0.0703125 0.05390625
0 0.88515625 0.12890625 0.0671875 0.05625
0 0.8859375 0.0703125 0.07109375 0.0578125
0 0.88671875 0.0203125 0.07421875 0.03828125
0 0.21796875 0.21484375 0.0421875 0.1046875
0 0.4828125 0.459375 0.03984375 0.09375
0 0.5671875 0.459375 0.03984375 0.09609375
0 0.12109375 0.63203125 0.04296875 0.10703125
0 0.33046875 0.925 0.04609375 0.1046875