0 0.384375 0.15390625 0.0609375 0.14296875
0 0.25 0.74609375 0.0578125 0.14296875
0 0.7609375 0.496875 0.06328125 0.1375
0 0.8828125 0.49609375 0.05390625 0.13359375
1 0.80234375 0.15859375 0.05625 0.1484375
1 0.74296875 0.1484375 0.0609375 0.14609375
1 0.68125 0.15 0.0625 0.1484375
1 0.621875 0.15 0.06484375 0.14296875
1 0.56328125 0.14921875 0.0640625 0.1359375
1 0.50390625 0.153125 0.059375 0.1515625
1 0.44765625 0.15 0.05625 0.14609375
1 0.3265625 0.15 0.05390625 0.14609375
1 0.2703125 0.146875 0.059375 0.14453125
1 0.21328125 0.146875 0.053125 0.14453125
1 0.16171875 0.146875 0.053125 0.14140625
1 0.1015625 0.14765625 0.0578125 0.1390625
1 0.04453125 0.146875 0.04921875 0.14609375
1 0.1328125 0.48671875 0.05078125 0.146875
1 0.190625 0.4890625 0.05625 0.13359375
1 0.25078125 0.48828125 0.06015625 0.13203125
1 0.30546875 0.4921875 0.05625 0.14140625
1 0.36953125 0.4875 0.0625 0.153125
1 0.428125 0.4875 0.053125 0.15390625
1 0.48515625 0.484375 0.0625 0.15703125
1 0.59453125 0.496875 0.04296875 0.14296875
1 0.65078125 0.4921875 0.053125 0.146875
1 0.70546875 0.49453125 0.05234375 0.14140625
1 0.88515625 0.7484375 0.059375 0.1515625
1 0.8234375 0.7515625 0.06328125 0.14609375
1 0.76953125 0.75078125 0.05625 0.15
1 0.70859375 0.7515625 0.06484375 0.1484375
1 0.646875 0.75390625 0.0609375 0.1515625
1 0.59453125 0.7484375 0.05234375 0.1484375
1 0.4859375 0.746875 0.05625 0.14453125
1 0.42734375 0.74375 0.05703125 0.15
1 0.3703125 0.7484375 0.05546875 0.14296875
1 0.309375 0.74609375 0.05703125 0.15390625
1 0.1421875 0.73984375 0.04296875 0.14140625
1 0.19609375 0.7484375 0.04921875 0.1484375