0 0.615625 0.15390625 0.0609375 0.14296875
0 0.75 0.74609375 0.0578125 0.14296875
0 0.2390625 0.496875 0.06328125 0.1375
0 0.1171875 0.49609375 0.05390625 0.13359375
1 0.19765625 0.15859375 0.05625 0.1484375
1 0.25703125 0.1484375 0.0609375 0.14609375
1 0.31875 0.15 0.0625 0.1484375
1 0.378125 0.15 0.06484375 0.14296875
1 0.43671875 0.14921875 0.0640625 0.1359375
1 0.49609375 0.153125 0.059375 0.1515625
1 0.55234375 0.15 0.05625 0.14609375
1 0.6734375 0.15 0.05390625 0.14609375
1 0.7296875 0.146875 0.059375 0.14453125
1 0.78671875 0.146875 0.053125 0.14453125
1 0.83828125 0.146875 0.053125 0.14140625
1 0.8984375 0.14765625 0.0578125 0.1390625
1 0.95546875 0.146875 0.04921875 0.14609375
1 0.8671875 0.48671875 0.05078125 0.146875
1 0.809375 0.4890625 0.05625 0.13359375
1 0.74921875 0.48828125 0.06015625 0.13203125
1 0.69453125 0.4921875 0.05625 0.14140625
1 0.63046875 0.4875 0.0625 0.153125
1 0.571875 0.4875 0.053125 0.15390625
1 0.51484375 0.484375 0.0625 0.15703125
1 0.40546875 0.496875 0.04296875 0.14296875
1 0.34921875 0.4921875 0.053125 0.146875
1 0.29453125 0.49453125 0.05234375 0.14140625
1 0.11484375 0.7484375 0.059375 0.1515625
1 0.1765625 0.7515625 0.06328125 0.14609375
1 0.23046875 0.75078125 0.05625 0.15
1 0.29140625 0.7515625 0.06484375 0.1484375
1 0.353125 0.75390625 0.0609375 0.1515625
1 0.40546875 0.7484375 0.05234375 0.1484375
1 0.5140625 0.746875 0.05625 0.14453125
1 0.57265625 0.74375 0.05703125 0.15
1 0.6296875 0.7484375 0.05546875 0.14296875
1 0.690625 0.74609375 0.05703125 0.15390625
1 0.8578125 0.73984375 0.04296875 0.14140625
1 0.80390625 0.7484375 0.04921875 0.1484375