0 0.59296875 0.35078125 0.07421875 0.22890625
0 0.58359375 0.58203125 0.07109375 0.2234375
0 0.665625 0.58203125 0.0703125 0.22109375
0 0.6765625 0.34453125 0.0671875 0.20625
0 0.753125 0.58125 0.078125 0.2375
0 0.83984375 0.346875 0.06484375 0.2171875
0 0.91484375 0.58203125 0.07421875 0.2234375
0 0.98125 0.34296875 0.03671875 0.21171875
0 0.97890625 0.58046875 0.04140625 0.22265625
1 0.7515625 0.33203125 0.0796875 0.23984375
1 0.91640625 0.328125 0.06015625 0.22265625
1 0.83046875 0.57578125 0.06875 0.22890625
1 0.24609375 0.159375 0.171875 0.17421875
1 0.25859375 0.29921875 0.1390625 0.14453125
1 0.20625 0.45546875 0.15234375 0.18203125
1 0.24921875 0.5515625 0.13203125 0.14609375
1 0.240625 0.75703125 0.175 0.16875
1 0.22578125 0.9171875 0.15546875 0.159375