0 0.40703125 0.35078125 0.07421875 0.22890625
0 0.41640625 0.58203125 0.07109375 0.2234375
0 0.334375 0.58203125 0.0703125 0.22109375
0 0.3234375 0.34453125 0.0671875 0.20625
0 0.246875 0.58125 0.078125 0.2375
0 0.16015625 0.346875 0.06484375 0.2171875
0 0.08515625 0.58203125 0.07421875 0.2234375
0 0.01875 0.34296875 0.03671875 0.21171875
0 0.02109375 0.58046875 0.04140625 0.22265625
1 0.2484375 0.33203125 0.0796875 0.23984375
1 0.08359375 0.328125 0.06015625 0.22265625
1 0.16953125 0.57578125 0.06875 0.22890625
1 0.75390625 0.159375 0.171875 0.17421875
1 0.74140625 0.29921875 0.1390625 0.14453125
1 0.79375 0.45546875 0.15234375 0.18203125
1 0.75078125 0.5515625 0.13203125 0.14609375
1 0.759375 0.75703125 0.175 0.16875
1 0.77421875 0.9171875 0.15546875 0.159375