1 0.70546875 0.953125 0.16171875 0.09375
1 0.70546875 0.83046875 0.15546875 0.1234375
1 0.7203125 0.69765625 0.1421875 0.11640625
1 0.7203125 0.5734375 0.1375 0.11328125
1 0.35078125 0.8953125 0.17734375 0.1203125
1 0.34765625 0.7578125 0.16171875 0.103125
1 0.34765625 0.625 0.16875 0.09453125
1 0.34765625 0.490625 0.16875 0.103125
1 0.346875 0.365625 0.165625 0.08671875
1 0.35703125 0.2421875 0.1734375 0.09921875
1 0.359375 0.1203125 0.18125 0.1015625
1 0.35390625 0.0328125 0.1671875 0.06484375