1 0.29453125 0.953125 0.16171875 0.09375
1 0.29453125 0.83046875 0.15546875 0.1234375
1 0.2796875 0.69765625 0.1421875 0.11640625
1 0.2796875 0.5734375 0.1375 0.11328125
1 0.64921875 0.8953125 0.17734375 0.1203125
1 0.65234375 0.7578125 0.16171875 0.103125
1 0.65234375 0.625 0.16875 0.09453125
1 0.65234375 0.490625 0.16875 0.103125
1 0.653125 0.365625 0.165625 0.08671875
1 0.64296875 0.2421875 0.1734375 0.09921875
1 0.640625 0.1203125 0.18125 0.1015625
1 0.64609375 0.0328125 0.1671875 0.06484375