0 0.55390625 0.5203125 0.1234375 0.096875
0 0.54296875 0.8875 0.1046875 0.09140625
0 0.5453125 0.96484375 0.1234375 0.0609375
0 0.25546875 0.67578125 0.14296875 0.090625
1 0.54375 0.60546875 0.16015625 0.078125
1 0.259375 0.57734375 0.13046875 0.08046875
1 0.14921875 0.621875 0.04609375 0.18359375
1 0.09296875 0.615625 0.040625 0.21484375
1 0.03359375 0.590625 0.04140625 0.17109375
1 0.0265625 0.81328125 0.0484375 0.1859375
1 0.08359375 0.82890625 0.06640625 0.20546875
1 0.15234375 0.8296875 0.0515625 0.18203125
1 0.25078125 0.77109375 0.1328125 0.07890625
1 0.25390625 0.8640625 0.14375 0.07109375
1 0.24453125 0.95546875 0.1546875 0.071875
0 0.55 0.7890625 0.12265625 0.07109375