0 0.44609375 0.5203125 0.1234375 0.096875
0 0.45703125 0.8875 0.1046875 0.09140625
0 0.4546875 0.96484375 0.1234375 0.0609375
0 0.74453125 0.67578125 0.14296875 0.090625
1 0.45625 0.60546875 0.16015625 0.078125
1 0.740625 0.57734375 0.13046875 0.08046875
1 0.85078125 0.621875 0.04609375 0.18359375
1 0.90703125 0.615625 0.040625 0.21484375
1 0.96640625 0.590625 0.04140625 0.17109375
1 0.9734375 0.81328125 0.0484375 0.1859375
1 0.91640625 0.82890625 0.06640625 0.20546875
1 0.84765625 0.8296875 0.0515625 0.18203125
1 0.74921875 0.77109375 0.1328125 0.07890625
1 0.74609375 0.8640625 0.14375 0.07109375
1 0.75546875 0.95546875 0.1546875 0.071875
0 0.45 0.7890625 0.12265625 0.07109375