1 0.8875 0.7984375 0.065625 0.17578125
1 0.815625 0.8 0.05234375 0.17890625
1 0.74609375 0.7953125 0.04609375 0.18671875
1 0.6828125 0.79375 0.0578125 0.18359375
1 0.61875 0.79375 0.04296875 0.18046875
1 0.55703125 0.8 0.0484375 0.17578125
1 0.48046875 0.79921875 0.0546875 0.19296875
1 0.42421875 0.78828125 0.05703125 0.17578125
1 0.3546875 0.8 0.04921875 0.19140625
1 0.29375 0.7859375 0.05078125 0.19609375
1 0.22578125 0.78828125 0.0625 0.209375
1 0.1765625 0.7875 0.06328125 0.2015625
1 0.109375 0.7828125 0.07265625 0.2078125
1 0.034375 0.78046875 0.06015625 0.18828125
1 0.9671875 0.86953125 0.06484375 0.065625