1 0.22578125 0.16640625 0.0625 0.16953125
1 0.2875 0.16171875 0.05234375 0.1515625
1 0.3421875 0.1703125 0.04921875 0.16484375
1 0.40078125 0.16796875 0.06015625 0.15703125
1 0.51328125 0.16484375 0.0546875 0.1515625
1 0.56875 0.16796875 0.0515625 0.1546875
1 0.62421875 0.17109375 0.05625 0.16015625
1 0.675 0.16640625 0.04921875 0.1515625
1 0.73203125 0.1640625 0.0546875 0.17421875
1 0.7859375 0.16953125 0.05625 0.16015625
1 0.84140625 0.1671875 0.0609375 0.16171875
1 0.9015625 0.1625 0.05 0.16796875
1 0.95 0.16171875 0.04375 0.1484375
1 0.9703125 0.52890625 0.059375 0.15
1 0.86328125 0.53203125 0.05234375 0.15625
1 0.8078125 0.5328125 0.05625 0.16015625
1 0.75234375 0.534375 0.053125 0.16015625
1 0.69453125 0.53046875 0.05390625 0.16796875
1 0.640625 0.534375 0.05234375 0.16328125
1 0.584375 0.53671875 0.05234375 0.16484375
1 0.5296875 0.53515625 0.05234375 0.15859375
1 0.4265625 0.53515625 0.04609375 0.16171875
1 0.375 0.5328125 0.05625 0.16640625
1 0.3171875 0.5328125 0.0578125 0.16328125
1 0.25546875 0.52421875 0.0625 0.17734375
1 0.196875 0.5265625 0.0453125 0.16640625
1 0.146875 0.525 0.05625 0.17578125
1 0.20234375 0.8109375 0.0546875 0.16328125
1 0.2609375 0.81015625 0.05625 0.16484375
1 0.3171875 0.80546875 0.0609375 0.16640625
1 0.37265625 0.8140625 0.04921875 0.16328125
1 0.428125 0.80625 0.05390625 0.15703125
1 0.57734375 0.81328125 0.05234375 0.16484375
1 0.63046875 0.8078125 0.05625 0.15703125
1 0.6859375 0.8125 0.053125 0.15703125
1 0.7421875 0.80859375 0.05703125 0.16484375
1 0.79140625 0.81015625 0.0546875 0.16796875
1 0.8515625 0.80859375 0.06875 0.17109375
1 0.971875 0.5265625 0.05625 0.15625
0 0.45859375 0.16640625 0.05390625 0.1515625
0 0.15 0.81015625 0.05859375 0.16796875
0 0.5265625 0.81484375 0.05390625 0.16171875
0 0.9703125 0.68046875 0.059375 0.15