1 0.29375 0.3625 0.10625 0.05703125
1 0.421875 0.3578125 0.1203125 0.05625
1 0.63359375 0.35078125 0.109375 0.0609375
1 0.75859375 0.34921875 0.09921875 0.06796875
1 0.8984375 0.346875 0.1109375 0.046875
1 0.53203125 0.06953125 0.10390625 0.0609375
1 0.5203125 0.13671875 0.0984375 0.05703125
1 0.6609375 0.13984375 0.109375 0.05078125
1 0.64921875 0.2125 0.11796875 0.05625
1 0.93828125 0.19921875 0.096875 0.0625
1 0.94453125 0.13828125 0.11015625 0.07734375
1 0.93984375 0.06875 0.11328125 0.05703125
1 0.2640625 0.63125 0.10703125 0.078125
1 0.37265625 0.6265625 0.09453125 0.0796875
1 0.48046875 0.625 0.10703125 0.09609375
1 0.621875 0.6171875 0.10390625 0.0796875
1 0.75078125 0.628125 0.0875 0.0828125
1 0.87421875 0.6234375 0.11484375 0.09140625
1 0.32578125 0.22265625 0.053125 0.13671875
1 0.3890625 0.22421875 0.05234375 0.153125
1 0.43984375 0.2296875 0.04609375 0.14765625
1 0.48671875 0.96328125 0.1265625 0.0734375
1 0.6484375 0.94453125 0.12109375 0.0796875
1 0.78671875 0.9328125 0.13046875 0.08515625
1 0.94296875 0.9046875 0.11328125 0.0828125
1 0.65234375 0.06796875 0.1171875 0.06953125