1 0.70625 0.3625 0.10625 0.05703125
1 0.578125 0.3578125 0.1203125 0.05625
1 0.36640625 0.35078125 0.109375 0.0609375
1 0.24140625 0.34921875 0.09921875 0.06796875
1 0.1015625 0.346875 0.1109375 0.046875
1 0.46796875 0.06953125 0.10390625 0.0609375
1 0.4796875 0.13671875 0.0984375 0.05703125
1 0.3390625 0.13984375 0.109375 0.05078125
1 0.35078125 0.2125 0.11796875 0.05625
1 0.06171875 0.19921875 0.096875 0.0625
1 0.05546875 0.13828125 0.11015625 0.07734375
1 0.06015625 0.06875 0.11328125 0.05703125
1 0.7359375 0.63125 0.10703125 0.078125
1 0.62734375 0.6265625 0.09453125 0.0796875
1 0.51953125 0.625 0.10703125 0.09609375
1 0.378125 0.6171875 0.10390625 0.0796875
1 0.24921875 0.628125 0.0875 0.0828125
1 0.12578125 0.6234375 0.11484375 0.09140625
1 0.67421875 0.22265625 0.053125 0.13671875
1 0.6109375 0.22421875 0.05234375 0.153125
1 0.56015625 0.2296875 0.04609375 0.14765625
1 0.51328125 0.96328125 0.1265625 0.0734375
1 0.3515625 0.94453125 0.12109375 0.0796875
1 0.21328125 0.9328125 0.13046875 0.08515625
1 0.05703125 0.9046875 0.11328125 0.0828125
1 0.34765625 0.06796875 0.1171875 0.06953125