0 0.66015625 0.46328125 0.05234375 0.128125
0 0.62578125 0.91015625 0.04921875 0.12265625
0 0.509375 0.91328125 0.04765625 0.12578125
1 0.02578125 0.4734375 0.0515625 0.13125
1 0.08359375 0.478125 0.0546875 0.11640625
1 0.14140625 0.47109375 0.0640625 0.1265625
1 0.20078125 0.4734375 0.06171875 0.13125
1 0.26015625 0.47265625 0.05390625 0.13828125
1 0.31640625 0.4703125 0.06171875 0.14140625
1 0.37734375 0.46875 0.06015625 0.13828125
1 0.434375 0.4671875 0.06015625 0.13515625
1 0.4859375 0.4640625 0.046875 0.13515625
1 0.5421875 0.46875 0.05859375 0.15
1 0.5984375 0.4640625 0.05 0.12109375
1 0.71875 0.46328125 0.05390625 0.12578125
1 0.775 0.46328125 0.05625 0.11953125
1 0.7890625 0.71953125 0.04921875 0.13515625
1 0.73359375 0.72265625 0.0546875 0.13671875
1 0.6765625 0.72109375 0.05390625 0.1328125
1 0.62109375 0.72109375 0.05 0.12421875
1 0.56171875 0.715625 0.0546875 0.13125
1 0.509375 0.72265625 0.0546875 0.1328125
1 0.44921875 0.7296875 0.05625 0.1328125
1 0.39296875 0.72421875 0.05234375 0.128125
1 0.33515625 0.73203125 0.05390625 0.1265625
1 0.278125 0.73203125 0.05390625 0.128125
1 0.225 0.7265625 0.05234375 0.13515625
1 0.165625 0.7359375 0.05703125 0.128125
1 0.10078125 0.7359375 0.0640625 0.14296875
1 0.10546875 0.91796875 0.06171875 0.128125
1 0.22578125 0.91875 0.0625 0.13125
1 0.28359375 0.92109375 0.0515625 0.1296875
1 0.39453125 0.9234375 0.06015625 0.13125
1 0.4546875 0.91484375 0.05 0.12578125
1 0.678125 0.909375 0.05859375 0.14140625
1 0.73359375 0.91484375 0.0546875 0.13125
1 0.7890625 0.91015625 0.05 0.12578125