0 0.33984375 0.46328125 0.05234375 0.128125
0 0.37421875 0.91015625 0.04921875 0.12265625
0 0.490625 0.91328125 0.04765625 0.12578125
1 0.97421875 0.4734375 0.0515625 0.13125
1 0.91640625 0.478125 0.0546875 0.11640625
1 0.85859375 0.47109375 0.0640625 0.1265625
1 0.79921875 0.4734375 0.06171875 0.13125
1 0.73984375 0.47265625 0.05390625 0.13828125
1 0.68359375 0.4703125 0.06171875 0.14140625
1 0.62265625 0.46875 0.06015625 0.13828125
1 0.565625 0.4671875 0.06015625 0.13515625
1 0.5140625 0.4640625 0.046875 0.13515625
1 0.4578125 0.46875 0.05859375 0.15
1 0.4015625 0.4640625 0.05 0.12109375
1 0.28125 0.46328125 0.05390625 0.12578125
1 0.225 0.46328125 0.05625 0.11953125
1 0.2109375 0.71953125 0.04921875 0.13515625
1 0.26640625 0.72265625 0.0546875 0.13671875
1 0.3234375 0.72109375 0.05390625 0.1328125
1 0.37890625 0.72109375 0.05 0.12421875
1 0.43828125 0.715625 0.0546875 0.13125
1 0.490625 0.72265625 0.0546875 0.1328125
1 0.55078125 0.7296875 0.05625 0.1328125
1 0.60703125 0.72421875 0.05234375 0.128125
1 0.66484375 0.73203125 0.05390625 0.1265625
1 0.721875 0.73203125 0.05390625 0.128125
1 0.775 0.7265625 0.05234375 0.13515625
1 0.834375 0.7359375 0.05703125 0.128125
1 0.89921875 0.7359375 0.0640625 0.14296875
1 0.89453125 0.91796875 0.06171875 0.128125
1 0.77421875 0.91875 0.0625 0.13125
1 0.71640625 0.92109375 0.0515625 0.1296875
1 0.60546875 0.9234375 0.06015625 0.13125
1 0.5453125 0.91484375 0.05 0.12578125
1 0.321875 0.909375 0.05859375 0.14140625
1 0.26640625 0.91484375 0.0546875 0.13125
1 0.2109375 0.91015625 0.05 0.12578125