1 0.81171875 0.6875 0.05859375 0.13125
1 0.73984375 0.6828125 0.05 0.12578125
1 0.65546875 0.68515625 0.0390625 0.14921875
1 0.54765625 0.67421875 0.03515625 0.13125
1 0.55234375 0.89453125 0.05234375 0.15625
1 0.5 0.909375 0.03359375 0.1578125
1 0.4484375 0.90390625 0.0421875 0.1515625
1 0.4015625 0.915625 0.046875 0.16875
1 0.6484375 0.915625 0.040625 0.1390625
1 0.70703125 0.90625 0.040625 0.14765625
1 0.81171875 0.91015625 0.0515625 0.1390625
0 0.86953125 0.690625 0.05 0.1296875
1 0.975 0.68046875 0.05 0.140625
0 0.87109375 0.9046875 0.05703125 0.1453125
0 0.7609375 0.9015625 0.04453125 0.1453125
0 0.6046875 0.90234375 0.05 0.13515625
0 0.59609375 0.6875 0.05390625 0.13515625
0 0.4890625 0.6953125 0.05546875 0.128125
0 0.390625 0.68828125 0.05625 0.13125
1 0.15546875 0.14921875 0.10234375 0.08671875
1 0.14765625 0.22890625 0.09375 0.0625
1 0.14921875 0.30546875 0.10390625 0.0609375
1 0.15625 0.378125 0.1046875 0.07421875
1 0.1484375 0.4734375 0.09140625 0.0796875
1 0.0515625 0.7125 0.053125 0.1796875
1 0.11171875 0.72578125 0.04140625 0.1171875
1 0.0921875 0.88046875 0.04609375 0.14375
1 0.14453125 0.88828125 0.053125 0.14375
1 0.1671875 0.70625 0.05078125 0.15078125
1 0.2171875 0.71484375 0.0390625 0.15859375
1 0.26484375 0.7078125 0.04375 0.15625
1 0.26015625 0.87421875 0.04375 0.14765625
1 0.20859375 0.8765625 0.04453125 0.1453125
0 0.04296875 0.8875 0.0484375 0.1296875
1 0.98125 0.91171875 0.0375 0.1765625
0 0.15078125 0.071875 0.08671875 0.05703125