1 0.33984375 0.19609375 0.053125 0.178125
1 0.3921875 0.1921875 0.05 0.171875
1 0.44296875 0.18359375 0.0484375 0.15859375
1 0.49296875 0.1828125 0.05390625 0.16328125
1 0.54140625 0.184375 0.04765625 0.16015625
1 0.590625 0.1796875 0.04921875 0.16640625
1 0.64140625 0.17265625 0.04453125 0.1546875
1 0.69296875 0.17421875 0.0453125 0.1546875
1 0.74140625 0.16328125 0.05078125 0.15859375
1 0.7890625 0.16484375 0.046875 0.153125
1 0.8375 0.16171875 0.0484375 0.153125
1 0.9359375 0.15859375 0.04765625 0.16171875
1 0.98125 0.15234375 0.03671875 0.14375
1 0.8890625 0.321875 0.046875 0.15
1 0.9390625 0.32734375 0.04453125 0.16015625
1 0.98203125 0.32734375 0.0359375 0.16328125
1 0.840625 0.325 0.05625 0.15859375
1 0.78828125 0.32890625 0.046875 0.1671875
1 0.740625 0.33125 0.046875 0.16875
1 0.69140625 0.3375 0.053125 0.16875
1 0.640625 0.3375 0.05 0.18046875
1 0.59140625 0.3578125 0.05078125 0.18359375
1 0.540625 0.35078125 0.053125 0.178125
1 0.49140625 0.359375 0.046875 0.18984375
1 0.4421875 0.35703125 0.053125 0.18515625
1 0.39140625 0.3625 0.05078125 0.16640625
1 0.34296875 0.36953125 0.0453125 0.16015625
1 0.34453125 0.721875 0.04765625 0.16171875
1 0.3953125 0.72109375 0.05078125 0.16640625
1 0.44609375 0.7203125 0.05078125 0.16484375
1 0.4953125 0.715625 0.0484375 0.1671875
1 0.5421875 0.71171875 0.0453125 0.16875
1 0.59140625 0.71328125 0.053125 0.16640625
1 0.6390625 0.70703125 0.053125 0.1703125
1 0.74140625 0.70625 0.05 0.171875
1 0.79140625 0.7 0.04921875 0.16875
1 0.8390625 0.69921875 0.0484375 0.16875
1 0.890625 0.69765625 0.04921875 0.16875
1 0.93984375 0.69140625 0.0484375 0.16328125
1 0.98203125 0.69375 0.0359375 0.1734375
1 0.98203125 0.8578125 0.0359375 0.16640625
1 0.93984375 0.86328125 0.053125 0.16640625
1 0.8875 0.8671875 0.053125 0.1796875
1 0.8375 0.87421875 0.046875 0.18203125
1 0.7890625 0.87109375 0.0546875 0.16640625
1 0.73984375 0.871875 0.04765625 0.15859375
1 0.6921875 0.87578125 0.053125 0.16171875
1 0.6375 0.87421875 0.05546875 0.15546875
1 0.5921875 0.87890625 0.05390625 0.16171875
1 0.54375 0.88125 0.0484375 0.16015625
1 0.49453125 0.8859375 0.0484375 0.16171875
1 0.44609375 0.89296875 0.04921875 0.16328125
1 0.3953125 0.8890625 0.04921875 0.1703125
1 0.34609375 0.89140625 0.0453125 0.16640625
1 0.0921875 0.6875 0.1609375 0.09140625
1 0.09765625 0.603125 0.14921875 0.078125
0 0.69296875 0.70546875 0.04765625 0.16484375
0 0.8890625 0.16171875 0.05078125 0.15859375