0 0.31328125 0.15078125 0.05 0.1359375
0 0.55703125 0.63515625 0.03515625 0.11875
1 0.6109375 0.13046875 0.05 0.13203125
1 0.55703125 0.140625 0.04921875 0.1375
1 0.51328125 0.14375 0.0453125 0.13359375
1 0.46875 0.14296875 0.05078125 0.1578125
1 0.41484375 0.15078125 0.0453125 0.14921875
1 0.3703125 0.1546875 0.04453125 0.16328125
1 0.26875 0.14921875 0.04296875 0.12578125
1 0.21875 0.13359375 0.0484375 0.13046875
1 0.16875 0.140625 0.0421875 0.1546875
1 0.121875 0.125 0.0421875 0.13203125
1 0.075 0.1140625 0.0484375 0.1390625
1 0.02578125 0.12734375 0.0515625 0.1328125
1 0.02265625 0.27265625 0.0421875 0.13359375
1 0.07265625 0.2703125 0.04453125 0.159375
1 0.11875 0.2890625 0.040625 0.16640625
1 0.16484375 0.28984375 0.040625 0.1390625
1 0.21328125 0.2765625 0.046875 0.14921875
1 0.26484375 0.29296875 0.04609375 0.159375
1 0.3140625 0.3078125 0.046875 0.16875
1 0.36484375 0.3015625 0.04296875 0.15078125
1 0.415625 0.30546875 0.03671875 0.1375
1 0.459375 0.3 0.03203125 0.12734375
1 0.509375 0.29375 0.04140625 0.14296875
1 0.56015625 0.29765625 0.046875 0.1515625
1 0.61640625 0.2859375 0.05703125 0.14453125
1 0.6046875 0.6171875 0.0578125 0.12890625
1 0.6046875 0.771875 0.0421875 0.1359375
1 0.55546875 0.76953125 0.05390625 0.1546875
1 0.51484375 0.6171875 0.05078125 0.14765625
1 0.50703125 0.771875 0.046875 0.153125
1 0.46171875 0.62578125 0.0484375 0.14453125
1 0.46015625 0.77265625 0.0484375 0.1375
1 0.41484375 0.6078125 0.046875 0.12890625
1 0.415625 0.746875 0.053125 0.1421875
1 0.365625 0.6078125 0.05625 0.16328125
1 0.36328125 0.76328125 0.05234375 0.14765625
1 0.31171875 0.60859375 0.04921875 0.153125
1 0.3109375 0.7578125 0.05078125 0.14609375
1 0.265625 0.5984375 0.046875 0.1421875
1 0.265625 0.74921875 0.05078125 0.1515625
1 0.21875 0.59453125 0.0390625 0.1515625
1 0.2171875 0.7640625 0.046875 0.159375
1 0.16796875 0.59609375 0.0421875 0.16015625
1 0.1640625 0.759375 0.05234375 0.1578125
1 0.121875 0.5921875 0.04453125 0.15625
1 0.1140625 0.7546875 0.04609375 0.1390625
1 0.0734375 0.584375 0.05 0.1546875
1 0.06953125 0.74453125 0.053125 0.16171875
1 0.02578125 0.58125 0.04453125 0.16171875
1 0.02421875 0.73828125 0.04453125 0.16796875
1 0.80390625 0.678125 0.134375 0.0734375