0 0.68671875 0.15078125 0.05 0.1359375
0 0.44296875 0.63515625 0.03515625 0.11875
1 0.3890625 0.13046875 0.05 0.13203125
1 0.44296875 0.140625 0.04921875 0.1375
1 0.48671875 0.14375 0.0453125 0.13359375
1 0.53125 0.14296875 0.05078125 0.1578125
1 0.58515625 0.15078125 0.0453125 0.14921875
1 0.6296875 0.1546875 0.04453125 0.16328125
1 0.73125 0.14921875 0.04296875 0.12578125
1 0.78125 0.13359375 0.0484375 0.13046875
1 0.83125 0.140625 0.0421875 0.1546875
1 0.878125 0.125 0.0421875 0.13203125
1 0.925 0.1140625 0.0484375 0.1390625
1 0.97421875 0.12734375 0.0515625 0.1328125
1 0.97734375 0.27265625 0.0421875 0.13359375
1 0.92734375 0.2703125 0.04453125 0.159375
1 0.88125 0.2890625 0.040625 0.16640625
1 0.83515625 0.28984375 0.040625 0.1390625
1 0.78671875 0.2765625 0.046875 0.14921875
1 0.73515625 0.29296875 0.04609375 0.159375
1 0.6859375 0.3078125 0.046875 0.16875
1 0.63515625 0.3015625 0.04296875 0.15078125
1 0.584375 0.30546875 0.03671875 0.1375
1 0.540625 0.3 0.03203125 0.12734375
1 0.490625 0.29375 0.04140625 0.14296875
1 0.43984375 0.29765625 0.046875 0.1515625
1 0.38359375 0.2859375 0.05703125 0.14453125
1 0.3953125 0.6171875 0.0578125 0.12890625
1 0.3953125 0.771875 0.0421875 0.1359375
1 0.44453125 0.76953125 0.05390625 0.1546875
1 0.48515625 0.6171875 0.05078125 0.14765625
1 0.49296875 0.771875 0.046875 0.153125
1 0.53828125 0.62578125 0.0484375 0.14453125
1 0.53984375 0.77265625 0.0484375 0.1375
1 0.58515625 0.6078125 0.046875 0.12890625
1 0.584375 0.746875 0.053125 0.1421875
1 0.634375 0.6078125 0.05625 0.16328125
1 0.63671875 0.76328125 0.05234375 0.14765625
1 0.68828125 0.60859375 0.04921875 0.153125
1 0.6890625 0.7578125 0.05078125 0.14609375
1 0.734375 0.5984375 0.046875 0.1421875
1 0.734375 0.74921875 0.05078125 0.1515625
1 0.78125 0.59453125 0.0390625 0.1515625
1 0.7828125 0.7640625 0.046875 0.159375
1 0.83203125 0.59609375 0.0421875 0.16015625
1 0.8359375 0.759375 0.05234375 0.1578125
1 0.878125 0.5921875 0.04453125 0.15625
1 0.8859375 0.7546875 0.04609375 0.1390625
1 0.9265625 0.584375 0.05 0.1546875
1 0.93046875 0.74453125 0.053125 0.16171875
1 0.97421875 0.58125 0.04453125 0.16171875
1 0.97578125 0.73828125 0.04453125 0.16796875
1 0.19609375 0.678125 0.134375 0.0734375