1 0.73671875 0.946875 0.140625 0.09296875
1 0.8828125 0.94921875 0.159375 0.08359375
1 0.88359375 0.859375 0.14921875 0.07578125
1 0.7328125 0.8578125 0.14140625 0.07734375
1 0.7421875 0.77578125 0.146875 0.08359375
1 0.8859375 0.77734375 0.13828125 0.08359375
1 0.89140625 0.68359375 0.140625 0.0796875
1 0.7421875 0.68359375 0.14453125 0.078125
1 0.7375 0.59765625 0.13125 0.078125
1 0.88515625 0.59375 0.15 0.07265625
1 0.88828125 0.5078125 0.14453125 0.07734375
1 0.73828125 0.50859375 0.13515625 0.07578125
1 0.746875 0.42265625 0.14140625 0.0828125
1 0.89375 0.4234375 0.1421875 0.0828125
1 0.746875 0.3328125 0.140625 0.07421875
1 0.896875 0.3359375 0.14921875 0.0828125
1 0.90234375 0.253125 0.15546875 0.06796875
1 0.746875 0.24296875 0.140625 0.0828125
1 0.74609375 0.1625 0.14375 0.06640625
1 0.89765625 0.16328125 0.140625 0.07578125
1 0.903125 0.0796875 0.1515625 0.08125
1 0.7515625 0.0828125 0.14375 0.078125
1 0.3921875 0.14765625 0.2421875 0.07578125
1 0.41640625 0.23046875 0.16171875 0.0828125
1 0.42578125 0.3109375 0.1703125 0.06796875
1 0.42421875 0.415625 0.159375 0.071875
1 0.440625 0.5125 0.14453125 0.078125
1 0.4515625 0.6453125 0.15390625 0.06875
1 0.4609375 0.73515625 0.15703125 0.07265625
1 0.45078125 0.85234375 0.13515625 0.06875
1 0.45390625 0.95 0.1421875 0.078125