1 0.26328125 0.946875 0.140625 0.09296875
1 0.1171875 0.94921875 0.159375 0.08359375
1 0.11640625 0.859375 0.14921875 0.07578125
1 0.2671875 0.8578125 0.14140625 0.07734375
1 0.2578125 0.77578125 0.146875 0.08359375
1 0.1140625 0.77734375 0.13828125 0.08359375
1 0.10859375 0.68359375 0.140625 0.0796875
1 0.2578125 0.68359375 0.14453125 0.078125
1 0.2625 0.59765625 0.13125 0.078125
1 0.11484375 0.59375 0.15 0.07265625
1 0.11171875 0.5078125 0.14453125 0.07734375
1 0.26171875 0.50859375 0.13515625 0.07578125
1 0.253125 0.42265625 0.14140625 0.0828125
1 0.10625 0.4234375 0.1421875 0.0828125
1 0.253125 0.3328125 0.140625 0.07421875
1 0.103125 0.3359375 0.14921875 0.0828125
1 0.09765625 0.253125 0.15546875 0.06796875
1 0.253125 0.24296875 0.140625 0.0828125
1 0.25390625 0.1625 0.14375 0.06640625
1 0.10234375 0.16328125 0.140625 0.07578125
1 0.096875 0.0796875 0.1515625 0.08125
1 0.2484375 0.0828125 0.14375 0.078125
1 0.6078125 0.14765625 0.2421875 0.07578125
1 0.58359375 0.23046875 0.16171875 0.0828125
1 0.57421875 0.3109375 0.1703125 0.06796875
1 0.57578125 0.415625 0.159375 0.071875
1 0.559375 0.5125 0.14453125 0.078125
1 0.5484375 0.6453125 0.15390625 0.06875
1 0.5390625 0.73515625 0.15703125 0.07265625
1 0.54921875 0.85234375 0.13515625 0.06875
1 0.54609375 0.95 0.1421875 0.078125