1 0.94921875 0.33671875 0.0671875 0.1984375
1 0.8734375 0.33671875 0.0703125 0.2078125
1 0.8 0.3390625 0.0625 0.203125
1 0.73203125 0.33125 0.05390625 0.209375
1 0.56484375 0.32578125 0.06328125 0.1984375
1 0.48828125 0.328125 0.06875 0.20625
1 0.4109375 0.3296875 0.0625 0.203125
1 0.3375 0.33046875 0.07421875 0.1984375
1 0.26171875 0.3234375 0.0625 0.2
1 0.18828125 0.3265625 0.07734375 0.20625
1 0.1140625 0.32578125 0.07109375 0.2078125
1 0.0359375 0.328125 0.0625 0.215625
1 0.28984375 0.81875 0.0796875 0.2109375
1 0.209375 0.8203125 0.07578125 0.2109375
1 0.13125 0.82578125 0.0734375 0.2125
1 0.05390625 0.82109375 0.06484375 0.2125
1 0.76796875 0.79453125 0.13984375 0.1078125
1 0.9109375 0.7171875 0.14296875 0.109375
1 0.76640625 0.91796875 0.13984375 0.1171875
0 0.36484375 0.8203125 0.07265625 0.2140625