1 0.05078125 0.33671875 0.0671875 0.1984375
1 0.1265625 0.33671875 0.0703125 0.2078125
1 0.2 0.3390625 0.0625 0.203125
1 0.26796875 0.33125 0.05390625 0.209375
1 0.43515625 0.32578125 0.06328125 0.1984375
1 0.51171875 0.328125 0.06875 0.20625
1 0.5890625 0.3296875 0.0625 0.203125
1 0.6625 0.33046875 0.07421875 0.1984375
1 0.73828125 0.3234375 0.0625 0.2
1 0.81171875 0.3265625 0.07734375 0.20625
1 0.8859375 0.32578125 0.07109375 0.2078125
1 0.9640625 0.328125 0.0625 0.215625
1 0.71015625 0.81875 0.0796875 0.2109375
1 0.790625 0.8203125 0.07578125 0.2109375
1 0.86875 0.82578125 0.0734375 0.2125
1 0.94609375 0.82109375 0.06484375 0.2125
1 0.23203125 0.79453125 0.13984375 0.1078125
1 0.0890625 0.7171875 0.14296875 0.109375
1 0.23359375 0.91796875 0.13984375 0.1171875
0 0.63515625 0.8203125 0.07265625 0.2140625