1 0.128125 0.18671875 0.1671875 0.10703125
1 0.12421875 0.3 0.1640625 0.08984375
1 0.11875 0.40859375 0.15625 0.1015625
1 0.11796875 0.50703125 0.15859375 0.08984375
1 0.1171875 0.61640625 0.17109375 0.09140625
1 0.11015625 0.7109375 0.16171875 0.08671875
1 0.109375 0.81015625 0.16875 0.103125
1 0.103125 0.91640625 0.1609375 0.0984375
1 0.27890625 0.925 0.18203125 0.11015625
1 0.28203125 0.81328125 0.16875 0.09140625
1 0.2859375 0.71484375 0.17734375 0.10859375
1 0.290625 0.6078125 0.171875 0.10390625
1 0.29140625 0.5125 0.1640625 0.0984375
1 0.29296875 0.40625 0.16953125 0.10546875
1 0.29765625 0.3015625 0.171875 0.1015625
1 0.30078125 0.19765625 0.1640625 0.08515625
1 0.7359375 0.2078125 0.16171875 0.10859375
1 0.7328125 0.3015625 0.153125 0.08515625
1 0.9078125 0.315625 0.17421875 0.0953125
1 0.7390625 0.4078125 0.16953125 0.1140625
1 0.7328125 0.51640625 0.175 0.09375
1 0.91171875 0.52421875 0.16640625 0.09296875
1 0.909375 0.62578125 0.1671875 0.09296875
1 0.91328125 0.72421875 0.1671875 0.08671875
1 0.73125 0.7171875 0.15625 0.09140625
1 0.73125 0.61875 0.16328125 0.10859375
1 0.91328125 0.83203125 0.1734375 0.11328125
1 0.734375 0.8234375 0.17421875 0.1
1 0.73046875 0.9296875 0.175 0.1015625
1 0.909375 0.93359375 0.16875 0.10703125
0 0.9078125 0.41875 0.1734375 0.1015625