1 0.9515625 0.51171875 0.08046875 0.1734375
1 0.86640625 0.5046875 0.08671875 0.18125
1 0.7875 0.50546875 0.075 0.1828125
1 0.70703125 0.503125 0.0765625 0.175
1 0.6234375 0.503125 0.08828125 0.1671875
1 0.53828125 0.50390625 0.08203125 0.1734375
1 0.45546875 0.50546875 0.0921875 0.1703125
1 0.3703125 0.51328125 0.08046875 0.1890625
1 0.2875 0.509375 0.08203125 0.171875
1 0.20390625 0.5078125 0.0796875 0.171875
1 0.12421875 0.5109375 0.078125 0.171875
1 0.04453125 0.503125 0.075 0.15859375
1 0.04453125 0.70078125 0.08046875 0.1984375
1 0.1265625 0.70234375 0.08671875 0.1890625
1 0.2046875 0.70234375 0.08046875 0.1921875
1 0.29453125 0.7015625 0.08203125 0.184375
1 0.3765625 0.70625 0.0921875 0.190625
1 0.46171875 0.69140625 0.08046875 0.1828125
1 0.54453125 0.696875 0.0703125 0.1875
1 0.6265625 0.6921875 0.08203125 0.184375
1 0.70078125 0.69453125 0.0921875 0.1953125
1 0.78828125 0.69296875 0.075 0.1796875
1 0.871875 0.69140625 0.08359375 0.1828125
1 0.95625 0.7 0.0765625 0.190625
1 0.85546875 0.1734375 0.128125 0.1671875
1 0.7453125 0.17578125 0.13515625 0.178125
1 0.6421875 0.17265625 0.1140625 0.178125
1 0.56953125 0.18203125 0.12109375 0.16015625
1 0.4796875 0.1703125 0.13125 0.1703125
1 0.40390625 0.1921875 0.12109375 0.16171875
1 0.3125 0.20234375 0.14140625 0.14296875
1 0.22578125 0.2171875 0.11953125 0.171875
1 0.11640625 0.2140625 0.128125 0.16640625
1 0.0296875 0.190625 0.059375 0.15546875