1 0.53515625 0.17265625 0.26015625 0.07734375
1 0.2875 0.2921875 0.25703125 0.09453125
1 0.10234375 0.1640625 0.09453125 0.2
1 0.28046875 0.3953125 0.25546875 0.103125
1 0.26875 0.50078125 0.23125 0.096875
1 0.28984375 0.60625 0.203125 0.09453125
1 0.275 0.7125 0.2421875 0.096875
1 0.27578125 0.828125 0.175 0.08984375
1 0.2609375 0.9484375 0.26015625 0.103125
1 0.54296875 0.9484375 0.2453125 0.0984375
1 0.5125 0.828125 0.26328125 0.11015625
1 0.5453125 0.72265625 0.2375 0.078125
1 0.53671875 0.60859375 0.2484375 0.08984375
1 0.53125 0.51015625 0.24375 0.08671875
1 0.54609375 0.39453125 0.2484375 0.1125
1 0.534375 0.29140625 0.2109375 0.09453125
1 0.82421875 0.1890625 0.11484375 0.19296875