1 0.046875 0.45390625 0.09375 0.2703125
1 0.134375 0.4515625 0.090625 0.27734375
1 0.2234375 0.44765625 0.0953125 0.284375
1 0.31640625 0.43203125 0.090625 0.275
1 0.40859375 0.42578125 0.08984375 0.25078125
1 0.496875 0.43203125 0.0828125 0.28046875
1 0.58359375 0.434375 0.08984375 0.27578125
1 0.671875 0.44140625 0.0828125 0.26015625
1 0.765625 0.43359375 0.09375 0.271875
1 0.8515625 0.4453125 0.0828125 0.24375
1 0.9421875 0.43671875 0.09375 0.2640625
1 0.93828125 0.1671875 0.08125 0.25078125
1 0.859375 0.18828125 0.08046875 0.25078125
1 0.76015625 0.1578125 0.09375 0.26640625
1 0.6671875 0.1640625 0.1 0.2640625
1 0.58203125 0.1640625 0.08828125 0.2609375
1 0.4890625 0.1640625 0.0921875 0.253125
1 0.40078125 0.16640625 0.096875 0.246875
1 0.31015625 0.15625 0.09296875 0.234375
1 0.22578125 0.171875 0.0921875 0.25703125
1 0.13671875 0.17421875 0.08984375 0.2546875
1 0.04453125 0.184375 0.0828125 0.26640625