1 0.953125 0.45390625 0.09375 0.2703125
1 0.865625 0.4515625 0.090625 0.27734375
1 0.7765625 0.44765625 0.0953125 0.284375
1 0.68359375 0.43203125 0.090625 0.275
1 0.59140625 0.42578125 0.08984375 0.25078125
1 0.503125 0.43203125 0.0828125 0.28046875
1 0.41640625 0.434375 0.08984375 0.27578125
1 0.328125 0.44140625 0.0828125 0.26015625
1 0.234375 0.43359375 0.09375 0.271875
1 0.1484375 0.4453125 0.0828125 0.24375
1 0.0578125 0.43671875 0.09375 0.2640625
1 0.06171875 0.1671875 0.08125 0.25078125
1 0.140625 0.18828125 0.08046875 0.25078125
1 0.23984375 0.1578125 0.09375 0.26640625
1 0.3328125 0.1640625 0.1 0.2640625
1 0.41796875 0.1640625 0.08828125 0.2609375
1 0.5109375 0.1640625 0.0921875 0.253125
1 0.59921875 0.16640625 0.096875 0.246875
1 0.68984375 0.15625 0.09296875 0.234375
1 0.77421875 0.171875 0.0921875 0.25703125
1 0.86328125 0.17421875 0.08984375 0.2546875
1 0.95546875 0.184375 0.0828125 0.26640625