1 0.14453125 0.1640625 0.0765625 0.25234375
1 0.0609375 0.17265625 0.07421875 0.25703125
1 0.34375 0.16875 0.0984375 0.2375
1 0.44140625 0.16953125 0.08828125 0.21640625
1 0.54140625 0.18046875 0.0859375 0.24296875
1 0.6328125 0.1765625 0.071875 0.2375
1 0.721875 0.1828125 0.078125 0.240625
1 0.81640625 0.18828125 0.096875 0.2484375
1 0.9 0.2 0.096875 0.253125
1 0.9546875 0.7078125 0.090625 0.25625
1 0.8640625 0.7015625 0.0828125 0.253125
1 0.765625 0.69453125 0.0859375 0.25625
1 0.59296875 0.70234375 0.08125 0.23515625
1 0.09296875 0.6578125 0.16640625 0.11484375
1 0.0859375 0.78515625 0.171875 0.09765625
1 0.0859375 0.91953125 0.171875 0.1171875
0 0.6796875 0.7015625 0.0828125 0.2046875
0 0.97109375 0.1890625 0.05234375 0.22734375