1 0.27265625 0.18359375 0.07109375 0.3203125
1 0.353125 0.17734375 0.07109375 0.2953125
1 0.43125 0.17265625 0.07890625 0.31640625
1 0.6015625 0.18359375 0.07734375 0.3234375
1 0.6890625 0.1671875 0.06953125 0.2921875
1 0.77578125 0.16796875 0.06953125 0.3296875
1 0.859375 0.16953125 0.0765625 0.3
1 0.9546875 0.15234375 0.084375 0.3046875
1 0.93125 0.83046875 0.06796875 0.31640625
1 0.84765625 0.8453125 0.0796875 0.309375
1 0.75703125 0.828125 0.0796875 0.34375
1 0.66953125 0.83828125 0.0796875 0.32265625
1 0.5828125 0.84609375 0.075 0.30703125
1 0.40234375 0.85 0.0640625 0.3
0 0.48984375 0.8546875 0.0796875 0.28203125
1 0.521875 0.15546875 0.07265625 0.30703125
1 0.2234375 0.81484375 0.0625 0.35625
1 0.134375 0.78125 0.06796875 0.3203125
1 0.05078125 0.81484375 0.06171875 0.29375