1 0.72734375 0.18359375 0.07109375 0.3203125
1 0.646875 0.17734375 0.07109375 0.2953125
1 0.56875 0.17265625 0.07890625 0.31640625
1 0.3984375 0.18359375 0.07734375 0.3234375
1 0.3109375 0.1671875 0.06953125 0.2921875
1 0.22421875 0.16796875 0.06953125 0.3296875
1 0.140625 0.16953125 0.0765625 0.3
1 0.0453125 0.15234375 0.084375 0.3046875
1 0.06875 0.83046875 0.06796875 0.31640625
1 0.15234375 0.8453125 0.0796875 0.309375
1 0.24296875 0.828125 0.0796875 0.34375
1 0.33046875 0.83828125 0.0796875 0.32265625
1 0.4171875 0.84609375 0.075 0.30703125
1 0.59765625 0.85 0.0640625 0.3
0 0.51015625 0.8546875 0.0796875 0.28203125
1 0.478125 0.15546875 0.07265625 0.30703125
1 0.7765625 0.81484375 0.0625 0.35625
1 0.865625 0.78125 0.06796875 0.3203125
1 0.94921875 0.81484375 0.06171875 0.29375