1 0.04140625 0.86328125 0.078125 0.24609375
1 0.12421875 0.8546875 0.0828125 0.2734375
1 0.20625 0.84609375 0.0671875 0.29296875
1 0.28515625 0.85859375 0.08046875 0.26796875
1 0.3703125 0.85625 0.0625 0.28671875
1 0.44921875 0.86328125 0.06875 0.24453125
1 0.5421875 0.8609375 0.075 0.27734375
1 0.62734375 0.85859375 0.07109375 0.24609375
1 0.70859375 0.86796875 0.06640625 0.2640625
1 0.7828125 0.86328125 0.06796875 0.26796875
1 0.87421875 0.85625 0.0734375 0.28671875
1 0.953125 0.85703125 0.06640625 0.2796875