1 0.9609375 0.3921875 0.078125 0.21171875
1 0.88203125 0.40234375 0.08203125 0.20625
1 0.796875 0.39375 0.08046875 0.21171875
1 0.7171875 0.39140625 0.08046875 0.21015625
1 0.634375 0.38828125 0.08203125 0.1953125
1 0.55390625 0.39765625 0.084375 0.221875
1 0.1921875 0.39453125 0.0765625 0.21015625
1 0.11484375 0.39765625 0.0796875 0.22578125
1 0.04140625 0.39765625 0.0640625 0.2296875
1 0.28671875 0.87734375 0.071875 0.2078125
1 0.2125 0.8734375 0.0890625 0.22421875
1 0.12734375 0.88515625 0.08046875 0.228125
1 0.04453125 0.88203125 0.0703125 0.2359375
1 0.5875 0.890625 0.075 0.21484375
1 0.671875 0.8890625 0.0734375 0.221875
1 0.753125 0.8890625 0.071875 0.221875
1 0.8375 0.89140625 0.08203125 0.21640625
1 0.92578125 0.8859375 0.0703125 0.21015625