1 0.06015625 0.5078125 0.11171875 0.21015625
1 0.06171875 0.728125 0.11171875 0.1984375
1 0.18359375 0.50859375 0.09140625 0.203125
1 0.315625 0.51171875 0.11796875 0.20625
1 0.43984375 0.51640625 0.11171875 0.18359375
1 0.5625 0.50859375 0.11015625 0.1984375
1 0.68359375 0.5265625 0.10703125 0.18359375
1 0.80625 0.52421875 0.1296875 0.19140625
1 0.9421875 0.5390625 0.11328125 0.159375
1 0.9359375 0.7265625 0.11640625 0.18984375
1 0.81171875 0.72421875 0.11015625 0.18203125
1 0.6859375 0.7265625 0.11484375 0.18203125
1 0.56015625 0.73125 0.11171875 0.19375
1 0.43671875 0.71953125 0.11171875 0.18046875
1 0.1953125 0.721875 0.12109375 0.1859375
0 0.31484375 0.721875 0.11015625 0.18046875