1 0.97578125 0.29765625 0.0484375 0.1171875
1 0.92265625 0.30078125 0.06328125 0.11015625
1 0.86796875 0.29921875 0.0546875 0.11015625
1 0.8140625 0.2984375 0.05703125 0.1203125
1 0.75703125 0.2984375 0.059375 0.11796875
1 0.70234375 0.29609375 0.05859375 0.11953125
1 0.646875 0.29765625 0.06328125 0.11953125
1 0.5921875 0.29453125 0.06015625 0.11484375
1 0.5328125 0.2921875 0.059375 0.11015625
1 0.4796875 0.29453125 0.0625 0.11171875
1 0.4234375 0.296875 0.06171875 0.1203125
1 0.36640625 0.2953125 0.06328125 0.1203125
1 0.30859375 0.296875 0.0546875 0.11796875
1 0.25390625 0.2953125 0.05859375 0.11640625
1 0.19765625 0.29921875 0.05390625 0.11640625
1 0.14453125 0.29609375 0.05703125 0.11640625
1 0.97578125 0.43984375 0.04453125 0.15
1 0.925 0.4328125 0.05703125 0.13984375
1 0.86796875 0.4265625 0.05703125 0.13515625
1 0.81640625 0.43046875 0.06171875 0.13984375
1 0.76171875 0.4265625 0.05390625 0.13203125
1 0.70390625 0.428125 0.05703125 0.13515625
1 0.58828125 0.42109375 0.0515625 0.121875
1 0.64453125 0.428125 0.06015625 0.13203125
1 0.534375 0.4171875 0.05859375 0.121875
1 0.4796875 0.42265625 0.05859375 0.128125
1 0.41875 0.42890625 0.04921875 0.13984375
1 0.36484375 0.421875 0.06015625 0.1265625
1 0.3109375 0.42109375 0.06171875 0.121875
1 0.25546875 0.42109375 0.05703125 0.125
1 0.19921875 0.4234375 0.0546875 0.1234375
1 0.146875 0.43046875 0.0515625 0.13203125
1 0.034375 0.534375 0.04765625 0.1234375
1 0.0375 0.3015625 0.04765625 0.1265625
1 0.21875 0.77734375 0.053125 0.18046875
1 0.215625 0.95234375 0.0453125 0.0953125
1 0.9015625 0.77890625 0.0546875 0.1828125
1 0.90078125 0.9359375 0.05625 0.128125