1 0.02421875 0.29765625 0.0484375 0.1171875
1 0.07734375 0.30078125 0.06328125 0.11015625
1 0.13203125 0.29921875 0.0546875 0.11015625
1 0.1859375 0.2984375 0.05703125 0.1203125
1 0.24296875 0.2984375 0.059375 0.11796875
1 0.29765625 0.29609375 0.05859375 0.11953125
1 0.353125 0.29765625 0.06328125 0.11953125
1 0.4078125 0.29453125 0.06015625 0.11484375
1 0.4671875 0.2921875 0.059375 0.11015625
1 0.5203125 0.29453125 0.0625 0.11171875
1 0.5765625 0.296875 0.06171875 0.1203125
1 0.63359375 0.2953125 0.06328125 0.1203125
1 0.69140625 0.296875 0.0546875 0.11796875
1 0.74609375 0.2953125 0.05859375 0.11640625
1 0.80234375 0.29921875 0.05390625 0.11640625
1 0.85546875 0.29609375 0.05703125 0.11640625
1 0.02421875 0.43984375 0.04453125 0.15
1 0.075 0.4328125 0.05703125 0.13984375
1 0.13203125 0.4265625 0.05703125 0.13515625
1 0.18359375 0.43046875 0.06171875 0.13984375
1 0.23828125 0.4265625 0.05390625 0.13203125
1 0.29609375 0.428125 0.05703125 0.13515625
1 0.41171875 0.42109375 0.0515625 0.121875
1 0.35546875 0.428125 0.06015625 0.13203125
1 0.465625 0.4171875 0.05859375 0.121875
1 0.5203125 0.42265625 0.05859375 0.128125
1 0.58125 0.42890625 0.04921875 0.13984375
1 0.63515625 0.421875 0.06015625 0.1265625
1 0.6890625 0.42109375 0.06171875 0.121875
1 0.74453125 0.42109375 0.05703125 0.125
1 0.80078125 0.4234375 0.0546875 0.1234375
1 0.853125 0.43046875 0.0515625 0.13203125
1 0.965625 0.534375 0.04765625 0.1234375
1 0.9625 0.3015625 0.04765625 0.1265625
1 0.78125 0.77734375 0.053125 0.18046875
1 0.784375 0.95234375 0.0453125 0.0953125
1 0.0984375 0.77890625 0.0546875 0.1828125
1 0.09921875 0.9359375 0.05625 0.128125