1 0.9703125 0.20859375 0.04609375 0.11171875
1 0.03203125 0.2109375 0.04765625 0.1140625
1 0.0609375 0.4390625 0.0546875 0.1015625
1 0.115625 0.44453125 0.0546875 0.1015625
1 0.17578125 0.44453125 0.07109375 0.090625
1 0.23828125 0.4453125 0.05703125 0.08984375
1 0.29609375 0.43984375 0.05859375 0.08984375
1 0.35546875 0.44140625 0.05703125 0.090625
1 0.4125 0.43984375 0.0625 0.08984375
1 0.471875 0.44296875 0.05703125 0.09609375
1 0.5359375 0.4390625 0.06015625 0.090625
1 0.58984375 0.43671875 0.0609375 0.0953125
1 0.65078125 0.43984375 0.05546875 0.0921875
1 0.7125 0.43984375 0.05546875 0.0921875
1 0.771875 0.4390625 0.0609375 0.090625
1 0.82890625 0.43984375 0.0625 0.08984375
1 0.88671875 0.43984375 0.05546875 0.0921875
1 0.94765625 0.43984375 0.0640625 0.0921875
1 0.94453125 0.540625 0.0609375 0.1046875
0 0.88671875 0.53828125 0.0546875 0.1046875
1 0.828125 0.5359375 0.04453125 0.103125
1 0.7703125 0.53984375 0.0625 0.10859375
1 0.71640625 0.53984375 0.05546875 0.1015625
1 0.65625 0.53671875 0.0609375 0.1046875
1 0.5953125 0.53671875 0.0609375 0.10703125
1 0.5328125 0.54140625 0.06640625 0.11171875
1 0.47265625 0.53828125 0.05859375 0.1046875
1 0.41953125 0.53671875 0.06953125 0.1046875
1 0.29765625 0.5453125 0.0515625 0.10625
1 0.234375 0.5453125 0.0625 0.11171875
1 0.1171875 0.540625 0.0625 0.09609375
1 0.0609375 0.5421875 0.06015625 0.1015625
1 0.14140625 0.82890625 0.05703125 0.14296875
1 0.1421875 0.95 0.05546875 0.09921875
1 0.8703125 0.8234375 0.05546875 0.14453125
1 0.87109375 0.94921875 0.05703125 0.1015625
0 0.3546875 0.53984375 0.06640625 0.1046875
0 0.1765625 0.5453125 0.0515625 0.1015625