1 0.0296875 0.20859375 0.04609375 0.11171875
1 0.96796875 0.2109375 0.04765625 0.1140625
1 0.9390625 0.4390625 0.0546875 0.1015625
1 0.884375 0.44453125 0.0546875 0.1015625
1 0.82421875 0.44453125 0.07109375 0.090625
1 0.76171875 0.4453125 0.05703125 0.08984375
1 0.70390625 0.43984375 0.05859375 0.08984375
1 0.64453125 0.44140625 0.05703125 0.090625
1 0.5875 0.43984375 0.0625 0.08984375
1 0.528125 0.44296875 0.05703125 0.09609375
1 0.4640625 0.4390625 0.06015625 0.090625
1 0.41015625 0.43671875 0.0609375 0.0953125
1 0.34921875 0.43984375 0.05546875 0.0921875
1 0.2875 0.43984375 0.05546875 0.0921875
1 0.228125 0.4390625 0.0609375 0.090625
1 0.17109375 0.43984375 0.0625 0.08984375
1 0.11328125 0.43984375 0.05546875 0.0921875
1 0.05234375 0.43984375 0.0640625 0.0921875
1 0.05546875 0.540625 0.0609375 0.1046875
0 0.11328125 0.53828125 0.0546875 0.1046875
1 0.171875 0.5359375 0.04453125 0.103125
1 0.2296875 0.53984375 0.0625 0.10859375
1 0.28359375 0.53984375 0.05546875 0.1015625
1 0.34375 0.53671875 0.0609375 0.1046875
1 0.4046875 0.53671875 0.0609375 0.10703125
1 0.4671875 0.54140625 0.06640625 0.11171875
1 0.52734375 0.53828125 0.05859375 0.1046875
1 0.58046875 0.53671875 0.06953125 0.1046875
1 0.70234375 0.5453125 0.0515625 0.10625
1 0.765625 0.5453125 0.0625 0.11171875
1 0.8828125 0.540625 0.0625 0.09609375
1 0.9390625 0.5421875 0.06015625 0.1015625
1 0.85859375 0.82890625 0.05703125 0.14296875
1 0.8578125 0.95 0.05546875 0.09921875
1 0.1296875 0.8234375 0.05546875 0.14453125
1 0.12890625 0.94921875 0.05703125 0.1015625
0 0.6453125 0.53984375 0.06640625 0.1046875
0 0.8234375 0.5453125 0.0515625 0.1015625