1 0.03515625 0.45703125 0.05625 0.15390625
1 0.103125 0.4625 0.05859375 0.15390625
1 0.171875 0.46171875 0.059375 0.14453125
1 0.2390625 0.46953125 0.0671875 0.13515625
1 0.3046875 0.47265625 0.059375 0.12265625
1 0.3640625 0.4640625 0.05546875 0.115625
1 0.4296875 0.4640625 0.05546875 0.11875
1 0.49140625 0.453125 0.0546875 0.15703125
1 0.5546875 0.4703125 0.05546875 0.13046875
1 0.62109375 0.46953125 0.0640625 0.140625
1 0.6859375 0.47109375 0.065625 0.1390625
1 0.746875 0.46640625 0.0578125 0.140625
1 0.81328125 0.471875 0.05859375 0.1375
1 0.87890625 0.475 0.0609375 0.13515625
1 0.93828125 0.4640625 0.0609375 0.1125
1 0.9390625 0.61796875 0.059375 0.14296875
1 0.81953125 0.62734375 0.053125 0.1515625
1 0.75625 0.6234375 0.0515625 0.1375
1 0.696875 0.61796875 0.04375 0.14296875
1 0.6234375 0.6203125 0.06796875 0.146875
1 0.56328125 0.62109375 0.0625 0.159375
1 0.4953125 0.61328125 0.06484375 0.1390625
1 0.42890625 0.62109375 0.0640625 0.1609375
1 0.3671875 0.61484375 0.05 0.1375
1 0.234375 0.625 0.0546875 0.14609375
1 0.171875 0.62265625 0.05546875 0.15859375
1 0.040625 0.6171875 0.0625 0.14453125
0 0.10546875 0.61953125 0.05625 0.14296875
0 0.29921875 0.61640625 0.0578125 0.14609375
0 0.875 0.62109375 0.059375 0.140625
1 0.96328125 0.146875 0.0671875 0.16640625