1 0.96484375 0.45703125 0.05625 0.15390625
1 0.896875 0.4625 0.05859375 0.15390625
1 0.828125 0.46171875 0.059375 0.14453125
1 0.7609375 0.46953125 0.0671875 0.13515625
1 0.6953125 0.47265625 0.059375 0.12265625
1 0.6359375 0.4640625 0.05546875 0.115625
1 0.5703125 0.4640625 0.05546875 0.11875
1 0.50859375 0.453125 0.0546875 0.15703125
1 0.4453125 0.4703125 0.05546875 0.13046875
1 0.37890625 0.46953125 0.0640625 0.140625
1 0.3140625 0.47109375 0.065625 0.1390625
1 0.253125 0.46640625 0.0578125 0.140625
1 0.18671875 0.471875 0.05859375 0.1375
1 0.12109375 0.475 0.0609375 0.13515625
1 0.06171875 0.4640625 0.0609375 0.1125
1 0.0609375 0.61796875 0.059375 0.14296875
1 0.18046875 0.62734375 0.053125 0.1515625
1 0.24375 0.6234375 0.0515625 0.1375
1 0.303125 0.61796875 0.04375 0.14296875
1 0.3765625 0.6203125 0.06796875 0.146875
1 0.43671875 0.62109375 0.0625 0.159375
1 0.5046875 0.61328125 0.06484375 0.1390625
1 0.57109375 0.62109375 0.0640625 0.1609375
1 0.6328125 0.61484375 0.05 0.1375
1 0.765625 0.625 0.0546875 0.14609375
1 0.828125 0.62265625 0.05546875 0.15859375
1 0.959375 0.6171875 0.0625 0.14453125
0 0.89453125 0.61953125 0.05625 0.14296875
0 0.70078125 0.61640625 0.0578125 0.14609375
0 0.125 0.62109375 0.059375 0.140625
1 0.03671875 0.146875 0.0671875 0.16640625