0 0.31328125 0.32578125 0.08203125 0.184375
0 0.40234375 0.328125 0.0890625 0.196875
0 0.23203125 0.3234375 0.07734375 0.18125
0 0.15078125 0.32265625 0.0859375 0.17421875
0 0.01640625 0.3265625 0.03203125 0.18046875
0 0.12265625 0.728125 0.08046875 0.18125
0 0.20859375 0.728125 0.084375 0.18046875
0 0.36875 0.728125 0.084375 0.18125
0 0.453125 0.73046875 0.08671875 0.1859375
0 0.45 0.91015625 0.08828125 0.17890625
0 0.36796875 0.90859375 0.08046875 0.1828125
0 0.28203125 0.90703125 0.0796875 0.1859375
0 0.1984375 0.9078125 0.084375 0.184375
0 0.11796875 0.909375 0.08203125 0.18046875
0 0.0359375 0.90703125 0.071875 0.1859375
1 0.28515625 0.728125 0.0859375 0.1828125
1 0.07421875 0.31953125 0.078125 0.1859375
1 0.04140625 0.71796875 0.0828125 0.16484375