0 0.68671875 0.32578125 0.08203125 0.184375
0 0.59765625 0.328125 0.0890625 0.196875
0 0.76796875 0.3234375 0.07734375 0.18125
0 0.84921875 0.32265625 0.0859375 0.17421875
0 0.98359375 0.3265625 0.03203125 0.18046875
0 0.87734375 0.728125 0.08046875 0.18125
0 0.79140625 0.728125 0.084375 0.18046875
0 0.63125 0.728125 0.084375 0.18125
0 0.546875 0.73046875 0.08671875 0.1859375
0 0.55 0.91015625 0.08828125 0.17890625
0 0.63203125 0.90859375 0.08046875 0.1828125
0 0.71796875 0.90703125 0.0796875 0.1859375
0 0.8015625 0.9078125 0.084375 0.184375
0 0.88203125 0.909375 0.08203125 0.18046875
0 0.9640625 0.90703125 0.071875 0.1859375
1 0.71484375 0.728125 0.0859375 0.1828125
1 0.92578125 0.31953125 0.078125 0.1859375
1 0.95859375 0.71796875 0.0828125 0.16484375