1 0.71015625 0.34140625 0.09609375 0.2140625
1 0.61328125 0.35078125 0.1 0.22890625
1 0.50703125 0.3484375 0.1078125 0.23046875
1 0.3203125 0.359375 0.09296875 0.22265625
1 0.22109375 0.58671875 0.09453125 0.22265625
0 0.89765625 0.35234375 0.09609375 0.225
0 0.80078125 0.35234375 0.08828125 0.228125
0 0.4125 0.353125 0.08828125 0.234375
0 0.22109375 0.353125 0.10078125 0.22890625
0 0.12578125 0.36171875 0.09765625 0.21171875
0 0.04296875 0.36328125 0.07421875 0.228125
0 0.040625 0.5875 0.08046875 0.23515625
0 0.1265625 0.5875 0.09765625 0.2375
0 0.31953125 0.5859375 0.09765625 0.2328125
0 0.415625 0.58046875 0.09765625 0.2359375
0 0.51796875 0.5828125 0.10390625 0.24140625
0 0.615625 0.57734375 0.0921875 0.24375
0 0.71328125 0.571875 0.103125 0.23203125
0 0.8125 0.571875 0.10078125 0.2328125
0 0.90390625 0.5796875 0.08828125 0.23984375
0 0.978125 0.57890625 0.04296875 0.24140625
0 0.97578125 0.34453125 0.0484375 0.21953125