1 0.28984375 0.34140625 0.09609375 0.2140625
1 0.38671875 0.35078125 0.1 0.22890625
1 0.49296875 0.3484375 0.1078125 0.23046875
1 0.6796875 0.359375 0.09296875 0.22265625
1 0.77890625 0.58671875 0.09453125 0.22265625
0 0.10234375 0.35234375 0.09609375 0.225
0 0.19921875 0.35234375 0.08828125 0.228125
0 0.5875 0.353125 0.08828125 0.234375
0 0.77890625 0.353125 0.10078125 0.22890625
0 0.87421875 0.36171875 0.09765625 0.21171875
0 0.95703125 0.36328125 0.07421875 0.228125
0 0.959375 0.5875 0.08046875 0.23515625
0 0.8734375 0.5875 0.09765625 0.2375
0 0.68046875 0.5859375 0.09765625 0.2328125
0 0.584375 0.58046875 0.09765625 0.2359375
0 0.48203125 0.5828125 0.10390625 0.24140625
0 0.384375 0.57734375 0.0921875 0.24375
0 0.28671875 0.571875 0.103125 0.23203125
0 0.1875 0.571875 0.10078125 0.2328125
0 0.09609375 0.5796875 0.08828125 0.23984375
0 0.021875 0.57890625 0.04296875 0.24140625
0 0.02421875 0.34453125 0.0484375 0.21953125