0 0.2984375 0.86796875 0.17890625 0.11953125
0 0.296875 0.9703125 0.18671875 0.059375
0 0.8078125 0.77578125 0.18046875 0.11484375
1 0.3078125 0.74140625 0.1984375 0.10234375
1 0.30625 0.62578125 0.21484375 0.12421875
1 0.31484375 0.503125 0.2125 0.11171875
1 0.303125 0.3859375 0.20234375 0.10703125
1 0.80234375 0.2953125 0.19296875 0.12265625
1 0.8 0.41640625 0.1984375 0.12578125
1 0.81015625 0.5359375 0.190625 0.11328125
1 0.80859375 0.65546875 0.190625 0.11328125
1 0.80859375 0.896875 0.20703125 0.10546875