1 0.921875 0.54453125 0.15625 0.11640625
1 0.6640625 0.53515625 0.18984375 0.109375
1 0.4375 0.53203125 0.18828125 0.10078125
1 0.1875 0.54375 0.15078125 0.11484375
1 0.02421875 0.54140625 0.04765625 0.09921875
1 0.07578125 0.88203125 0.1515625 0.1609375
1 0.27265625 0.88515625 0.19140625 0.15703125
1 0.50546875 0.88671875 0.1828125 0.13125
1 0.73046875 0.8953125 0.18828125 0.11328125
1 0.9515625 0.8953125 0.09609375 0.1421875
1 0.1078125 0.109375 0.19453125 0.10625
1 0.3265625 0.0875 0.203125 0.109375
1 0.54921875 0.06796875 0.184375 0.1046875
1 0.759375 0.05625 0.2046875 0.11171875