1 0.078125 0.54453125 0.15625 0.11640625
1 0.3359375 0.53515625 0.18984375 0.109375
1 0.5625 0.53203125 0.18828125 0.10078125
1 0.8125 0.54375 0.15078125 0.11484375
1 0.97578125 0.54140625 0.04765625 0.09921875
1 0.92421875 0.88203125 0.1515625 0.1609375
1 0.72734375 0.88515625 0.19140625 0.15703125
1 0.49453125 0.88671875 0.1828125 0.13125
1 0.26953125 0.8953125 0.18828125 0.11328125
1 0.0484375 0.8953125 0.09609375 0.1421875
1 0.8921875 0.109375 0.19453125 0.10625
1 0.6734375 0.0875 0.203125 0.109375
1 0.45078125 0.06796875 0.184375 0.1046875
1 0.240625 0.05625 0.2046875 0.11171875