1 0.82890625 0.228125 0.1390625 0.228125
1 0.684375 0.23046875 0.1359375 0.23515625
1 0.54453125 0.22421875 0.1515625 0.253125
1 0.39375 0.22890625 0.15546875 0.23203125
1 0.24296875 0.23203125 0.1375 0.27421875
1 0.109375 0.24375 0.13046875 0.2796875
1 0.06015625 0.86171875 0.1203125 0.27578125
1 0.1890625 0.85703125 0.14609375 0.28125
1 0.3359375 0.8515625 0.14453125 0.26953125
1 0.4828125 0.85625 0.15625 0.2875
1 0.625 0.85625 0.1515625 0.27421875
1 0.77109375 0.8515625 0.14609375 0.275
1 0.9125 0.85078125 0.14453125 0.259375