1 0.45625 0.203125 0.075 0.1921875
1 0.52265625 0.2109375 0.0578125 0.19765625
1 0.67265625 0.2125 0.06015625 0.1875
1 0.74453125 0.21640625 0.06640625 0.1953125
1 0.82734375 0.21796875 0.0609375 0.175
1 0.9015625 0.21796875 0.06953125 0.20703125
1 0.96953125 0.19765625 0.05703125 0.20078125
1 0.9546875 0.6265625 0.06796875 0.1921875
1 0.87734375 0.62578125 0.06796875 0.2015625
1 0.803125 0.6203125 0.075 0.2171875
1 0.72421875 0.63125 0.07734375 0.209375
0 0.653125 0.6359375 0.0609375 0.178125
0 0.596875 0.2078125 0.075 0.1625
0 0.25078125 0.7125 0.13359375 0.090625
0 0.25234375 0.92578125 0.14609375 0.07890625
1 0.265625 0.6015625 0.16015625 0.075
1 0.2546875 0.825 0.1421875 0.09921875
1 0.29296875 0.20078125 0.06796875 0.178125
1 0.21640625 0.2046875 0.06796875 0.18203125
1 0.14453125 0.21484375 0.06796875 0.18984375
1 0.06328125 0.21953125 0.07421875 0.19609375
1 0.09453125 0.5328125 0.16484375 0.1078125