1 0.9625 0.6234375 0.0703125 0.18828125
1 0.896875 0.6171875 0.07578125 0.18125
1 0.82265625 0.615625 0.0640625 0.184375
1 0.75625 0.61640625 0.071875 0.19140625
1 0.6859375 0.61484375 0.0609375 0.19140625
1 0.61875 0.61484375 0.0703125 0.196875
1 0.5421875 0.61328125 0.075 0.18671875
1 0.47109375 0.61484375 0.065625 0.20546875
1 0.403125 0.6109375 0.06875 0.20546875
1 0.33671875 0.59765625 0.0703125 0.17734375
1 0.265625 0.59921875 0.06640625 0.17734375
1 0.19375 0.5984375 0.07578125 0.17578125
1 0.1265625 0.5984375 0.05546875 0.1953125
1 0.0625 0.59921875 0.07265625 0.19375
1 0.05625 0.80703125 0.07890625 0.21796875
1 0.1203125 0.80234375 0.06875 0.2
1 0.18828125 0.8078125 0.0671875 0.20859375
1 0.25546875 0.79765625 0.06640625 0.18515625
1 0.328125 0.803125 0.075 0.2015625
1 0.39453125 0.81796875 0.07421875 0.20546875
1 0.46640625 0.8265625 0.06875 0.22265625
1 0.53671875 0.81953125 0.07734375 0.22265625
1 0.6078125 0.82890625 0.07421875 0.20546875
1 0.68515625 0.81953125 0.06953125 0.20390625
1 0.7515625 0.81640625 0.071875 0.19375
1 0.821875 0.81640625 0.07421875 0.2
1 0.8890625 0.82734375 0.06328125 0.21015625
1 0.95703125 0.83125 0.08203125 0.2015625
1 0.78125 0.2828125 0.10390625 0.15703125
1 0.70546875 0.26484375 0.1078125 0.1640625
1 0.61953125 0.27109375 0.08671875 0.15703125
1 0.54921875 0.27109375 0.0875 0.16015625
1 0.471875 0.24609375 0.1015625 0.184375
1 0.38984375 0.23515625 0.08046875 0.20859375
1 0.315625 0.24609375 0.09296875 0.1984375
1 0.29375 0.1578125 0.00234375 0.0015625
1 0.23671875 0.24296875 0.0875 0.196875
1 0.17734375 0.2421875 0.0859375 0.1984375
1 0.09296875 0.24765625 0.10390625 0.19296875