1 0.0375 0.6234375 0.0703125 0.18828125
1 0.103125 0.6171875 0.07578125 0.18125
1 0.17734375 0.615625 0.0640625 0.184375
1 0.24375 0.61640625 0.071875 0.19140625
1 0.3140625 0.61484375 0.0609375 0.19140625
1 0.38125 0.61484375 0.0703125 0.196875
1 0.4578125 0.61328125 0.075 0.18671875
1 0.52890625 0.61484375 0.065625 0.20546875
1 0.596875 0.6109375 0.06875 0.20546875
1 0.66328125 0.59765625 0.0703125 0.17734375
1 0.734375 0.59921875 0.06640625 0.17734375
1 0.80625 0.5984375 0.07578125 0.17578125
1 0.8734375 0.5984375 0.05546875 0.1953125
1 0.9375 0.59921875 0.07265625 0.19375
1 0.94375 0.80703125 0.07890625 0.21796875
1 0.8796875 0.80234375 0.06875 0.2
1 0.81171875 0.8078125 0.0671875 0.20859375
1 0.74453125 0.79765625 0.06640625 0.18515625
1 0.671875 0.803125 0.075 0.2015625
1 0.60546875 0.81796875 0.07421875 0.20546875
1 0.53359375 0.8265625 0.06875 0.22265625
1 0.46328125 0.81953125 0.07734375 0.22265625
1 0.3921875 0.82890625 0.07421875 0.20546875
1 0.31484375 0.81953125 0.06953125 0.20390625
1 0.2484375 0.81640625 0.071875 0.19375
1 0.178125 0.81640625 0.07421875 0.2
1 0.1109375 0.82734375 0.06328125 0.21015625
1 0.04296875 0.83125 0.08203125 0.2015625
1 0.21875 0.2828125 0.10390625 0.15703125
1 0.29453125 0.26484375 0.1078125 0.1640625
1 0.38046875 0.27109375 0.08671875 0.15703125
1 0.45078125 0.27109375 0.0875 0.16015625
1 0.528125 0.24609375 0.1015625 0.184375
1 0.61015625 0.23515625 0.08046875 0.20859375
1 0.684375 0.24609375 0.09296875 0.1984375
1 0.70625 0.1578125 0.00234375 0.0015625
1 0.76328125 0.24296875 0.0875 0.196875
1 0.82265625 0.2421875 0.0859375 0.1984375
1 0.90703125 0.24765625 0.10390625 0.19296875