1 0.3546875 0.309375 0.1234375 0.06640625
1 0.47578125 0.31171875 0.1140625 0.06171875
1 0.609375 0.32265625 0.096875 0.05859375
1 0.7046875 0.32578125 0.07578125 0.05859375
1 0.8453125 0.32265625 0.1015625 0.06171875
1 0.9609375 0.31328125 0.078125 0.0546875
1 0.159375 0.60703125 0.10234375 0.06171875
1 0.29609375 0.60078125 0.1015625 0.05
1 0.43203125 0.5984375 0.12421875 0.06015625
1 0.56796875 0.59609375 0.11171875 0.06796875
1 0.6921875 0.58828125 0.0921875 0.06484375
1 0.8265625 0.596875 0.1109375 0.06953125
1 0.94765625 0.58046875 0.1046875 0.06796875
1 0.06484375 0.196875 0.11171875 0.06171875
1 0.06171875 0.12421875 0.11171875 0.07109375
1 0.06015625 0.0546875 0.1171875 0.05859375