1 0.74921875 0.67734375 0.065625 0.153125
1 0.75078125 0.89296875 0.06015625 0.1546875
1 0.68203125 0.675 0.05859375 0.14609375
1 0.68515625 0.90859375 0.06171875 0.16484375
1 0.615625 0.678125 0.05390625 0.16328125
1 0.6203125 0.9109375 0.06796875 0.165625
1 0.55625 0.6671875 0.05234375 0.16328125
1 0.55703125 0.90234375 0.05390625 0.16875
1 0.4921875 0.6703125 0.05078125 0.13671875
1 0.49765625 0.9015625 0.05625 0.1671875
1 0.42265625 0.6734375 0.0625 0.1390625
1 0.43046875 0.89296875 0.06328125 0.16875
1 0.1546875 0.38828125 0.05625 0.140625
1 0.0921875 0.39765625 0.06015625 0.1578125
1 0.03125 0.3953125 0.05859375 0.16015625
1 0.0625 0.68203125 0.065625 0.14921875
1 0.12109375 0.68515625 0.053125 0.14375
1 0.18359375 0.68046875 0.071875 0.15078125
1 0.2484375 0.68125 0.06015625 0.13359375
1 0.309375 0.684375 0.0625 0.14765625
1 0.36875 0.68359375 0.040625 0.14375
1 0.365625 0.89609375 0.04609375 0.1703125
1 0.3078125 0.890625 0.05234375 0.16171875
1 0.2453125 0.8921875 0.0625 0.16171875
1 0.1890625 0.89296875 0.05546875 0.16015625
1 0.11875 0.88046875 0.06171875 0.16875
1 0.91328125 0.034375 0.0890625 0.06875
1 0.89921875 0.128125 0.11875 0.07265625
1 0.89453125 0.215625 0.12578125 0.07421875
1 0.90078125 0.29765625 0.10546875 0.065625
1 0.86484375 0.36875 0.09296875 0.05703125
1 0.86171875 0.45 0.13515625 0.08359375