1 0.0390625 0.14453125 0.0609375 0.13359375
1 0.04296875 0.315625 0.04921875 0.1671875
1 0.1 0.14609375 0.046875 0.16875
1 0.10078125 0.3171875 0.04765625 0.146875
1 0.15859375 0.1453125 0.046875 0.153125
1 0.159375 0.3140625 0.053125 0.1515625
1 0.2140625 0.14296875 0.04609375 0.16640625
1 0.2140625 0.3140625 0.05390625 0.16640625
1 0.26640625 0.13671875 0.046875 0.1734375
1 0.2765625 0.31484375 0.0625 0.18203125
1 0.33125 0.1390625 0.075 0.16328125
1 0.33359375 0.31796875 0.05625 0.18046875
1 0.39140625 0.1421875 0.0515625 0.18046875
1 0.3953125 0.32578125 0.06328125 0.175
1 0.4515625 0.11328125 0.0546875 0.1671875
1 0.45 0.296875 0.0703125 0.2234375
1 0.50703125 0.13203125 0.05625 0.15859375
1 0.5109375 0.315625 0.05703125 0.16640625
1 0.56484375 0.13515625 0.05078125 0.18515625
1 0.56953125 0.315625 0.06328125 0.19375
1 0.61953125 0.1375 0.0578125 0.18671875
1 0.62734375 0.31640625 0.06328125 0.1984375
1 0.68203125 0.12734375 0.046875 0.175
1 0.7390625 0.125 0.05390625 0.1765625
1 0.68671875 0.30546875 0.03984375 0.16484375
1 0.79296875 0.11796875 0.05390625 0.16328125
1 0.853125 0.1296875 0.05625 0.16171875
1 0.9078125 0.1234375 0.04296875 0.1671875
1 0.96640625 0.13359375 0.0578125 0.16171875
1 0.9703125 0.30546875 0.059375 0.1671875
1 0.90625 0.3078125 0.0546875 0.175
1 0.853125 0.30703125 0.04609375 0.15859375
1 0.796875 0.29296875 0.04765625 0.16875
1 0.740625 0.3046875 0.05078125 0.16640625
1 0.978125 0.65703125 0.04375 0.140625
1 0.97578125 0.8296875 0.0484375 0.184375
1 0.9234375 0.8359375 0.05390625 0.1671875
1 0.9296875 0.65703125 0.04765625 0.1671875
1 0.86953125 0.83515625 0.05625 0.1765625
1 0.86640625 0.65703125 0.06640625 0.1671875
1 0.80625 0.6640625 0.0625 0.18203125
1 0.81171875 0.83359375 0.05703125 0.1734375
1 0.75 0.665625 0.0578125 0.16484375
1 0.7578125 0.84765625 0.0671875 0.1765625
1 0.69296875 0.66171875 0.0515625 0.16640625
1 0.69609375 0.84921875 0.0578125 0.18203125
1 0.6359375 0.64609375 0.0625 0.175
1 0.63671875 0.84765625 0.05390625 0.18515625
1 0.57578125 0.65 0.053125 0.1765625
1 0.58046875 0.84765625 0.06640625 0.1796875
1 0.51484375 0.65625 0.0609375 0.18671875
1 0.51875 0.84765625 0.0578125 0.1796875
1 0.453125 0.66015625 0.053125 0.1671875
1 0.46171875 0.8359375 0.04453125 0.1671875
1 0.39609375 0.653125 0.0515625 0.15703125
1 0.3984375 0.83984375 0.0609375 0.18359375
1 0.3359375 0.65625 0.0609375 0.1546875
1 0.340625 0.84375 0.053125 0.1765625
1 0.2734375 0.6671875 0.05625 0.15859375
1 0.2796875 0.853125 0.05390625 0.16640625
1 0.2171875 0.67265625 0.0578125 0.1546875
1 0.22109375 0.85390625 0.0515625 0.1765625
1 0.16484375 0.67890625 0.05625 0.16171875
1 0.165625 0.85625 0.0546875 0.18046875
1 0.103125 0.678125 0.05703125 0.175
1 0.10390625 0.8609375 0.0578125 0.1796875
1 0.04765625 0.6890625 0.0609375 0.1734375
1 0.046875 0.86796875 0.05625 0.175