1 0.8984375 0.115625 0.06328125 0.12734375
1 0.96015625 0.10546875 0.053125 0.1421875
1 0.96484375 0.26171875 0.053125 0.15078125
1 0.9078125 0.26015625 0.06171875 0.1421875
1 0.85703125 0.26171875 0.05 0.14765625
1 0.80078125 0.25859375 0.06484375 0.15078125
1 0.74453125 0.25859375 0.0515625 0.14453125
1 0.69140625 0.26328125 0.0515625 0.140625
1 0.6359375 0.271875 0.05703125 0.1546875
1 0.5796875 0.265625 0.059375 0.1390625
1 0.52265625 0.275 0.0453125 0.14921875
1 0.4140625 0.2703125 0.059375 0.14453125
1 0.359375 0.2765625 0.0515625 0.1515625
1 0.30625 0.27890625 0.05 0.1421875
1 0.25703125 0.2859375 0.0484375 0.15078125
1 0.2 0.29140625 0.0640625 0.1359375
1 0.13984375 0.28203125 0.05703125 0.140625
1 0.0796875 0.27890625 0.05078125 0.1390625
1 0.79296875 0.109375 0.0515625 0.12734375
1 0.7375 0.115625 0.053125 0.1421875
1 0.6875 0.11640625 0.0421875 0.14453125
1 0.63359375 0.1265625 0.05078125 0.153125
1 0.5734375 0.1234375 0.05625 0.1515625
1 0.51484375 0.11953125 0.05625 0.159375
1 0.46171875 0.125 0.05546875 0.1546875
1 0.41328125 0.12890625 0.05078125 0.134375
1 0.35546875 0.125 0.053125 0.140625
1 0.30078125 0.125 0.05859375 0.16015625
1 0.24375 0.128125 0.053125 0.15625
1 0.19296875 0.1453125 0.05625 0.1359375
1 0.1375 0.13515625 0.05625 0.14453125
1 0.08359375 0.13671875 0.05390625 0.12734375
1 0.0234375 0.14140625 0.046875 0.13828125
0 0.83984375 0.1140625 0.0421875 0.13359375
0 0.46875 0.27109375 0.05390625 0.1375
0 0.13828125 0.74140625 0.05390625 0.1390625
0 0.91953125 0.725 0.06171875 0.13203125
1 0.02578125 0.5875 0.05078125 0.1546875
1 0.0265625 0.27890625 0.053125 0.125
1 0.08125 0.58828125 0.0515625 0.15078125
1 0.1328125 0.5921875 0.05859375 0.14453125
1 0.19140625 0.5890625 0.0515625 0.16640625
1 0.24609375 0.58515625 0.04453125 0.159375
1 0.30234375 0.58515625 0.05703125 0.1359375
1 0.36328125 0.57734375 0.053125 0.1515625
1 0.4125 0.5828125 0.05625 0.14453125
1 0.4703125 0.56796875 0.053125 0.15625
1 0.52734375 0.5765625 0.05390625 0.1421875
1 0.58203125 0.58125 0.05703125 0.1390625
1 0.63828125 0.58203125 0.05859375 0.14609375
1 0.69765625 0.5734375 0.059375 0.14296875
1 0.80625 0.5828125 0.059375 0.159375
1 0.7515625 0.58203125 0.053125 0.14609375
1 0.85859375 0.5765625 0.059375 0.15078125
1 0.9125 0.5734375 0.05625 0.140625
1 0.9703125 0.56953125 0.05078125 0.14453125
1 0.97421875 0.72109375 0.0515625 0.140625
1 0.8640625 0.73203125 0.05390625 0.1546875
1 0.8078125 0.7265625 0.05859375 0.13203125
1 0.75390625 0.725 0.0484375 0.140625
1 0.7015625 0.728125 0.05390625 0.14609375
1 0.6421875 0.73046875 0.05546875 0.14296875
1 0.58984375 0.73515625 0.053125 0.1578125
1 0.5328125 0.73046875 0.0515625 0.1578125
1 0.475 0.7296875 0.0515625 0.16015625
1 0.41640625 0.728125 0.0453125 0.1515625
1 0.3640625 0.73046875 0.03984375 0.1375
1 0.3078125 0.7390625 0.05390625 0.14296875
1 0.25234375 0.73828125 0.06484375 0.1515625
1 0.19453125 0.74296875 0.04453125 0.15625
1 0.08359375 0.7484375 0.05390625 0.15078125
1 0.02578125 0.74296875 0.04765625 0.15625