1 0.1015625 0.115625 0.06328125 0.12734375
1 0.03984375 0.10546875 0.053125 0.1421875
1 0.03515625 0.26171875 0.053125 0.15078125
1 0.0921875 0.26015625 0.06171875 0.1421875
1 0.14296875 0.26171875 0.05 0.14765625
1 0.19921875 0.25859375 0.06484375 0.15078125
1 0.25546875 0.25859375 0.0515625 0.14453125
1 0.30859375 0.26328125 0.0515625 0.140625
1 0.3640625 0.271875 0.05703125 0.1546875
1 0.4203125 0.265625 0.059375 0.1390625
1 0.47734375 0.275 0.0453125 0.14921875
1 0.5859375 0.2703125 0.059375 0.14453125
1 0.640625 0.2765625 0.0515625 0.1515625
1 0.69375 0.27890625 0.05 0.1421875
1 0.74296875 0.2859375 0.0484375 0.15078125
1 0.8 0.29140625 0.0640625 0.1359375
1 0.86015625 0.28203125 0.05703125 0.140625
1 0.9203125 0.27890625 0.05078125 0.1390625
1 0.20703125 0.109375 0.0515625 0.12734375
1 0.2625 0.115625 0.053125 0.1421875
1 0.3125 0.11640625 0.0421875 0.14453125
1 0.36640625 0.1265625 0.05078125 0.153125
1 0.4265625 0.1234375 0.05625 0.1515625
1 0.48515625 0.11953125 0.05625 0.159375
1 0.53828125 0.125 0.05546875 0.1546875
1 0.58671875 0.12890625 0.05078125 0.134375
1 0.64453125 0.125 0.053125 0.140625
1 0.69921875 0.125 0.05859375 0.16015625
1 0.75625 0.128125 0.053125 0.15625
1 0.80703125 0.1453125 0.05625 0.1359375
1 0.8625 0.13515625 0.05625 0.14453125
1 0.91640625 0.13671875 0.05390625 0.12734375
1 0.9765625 0.14140625 0.046875 0.13828125
0 0.16015625 0.1140625 0.0421875 0.13359375
0 0.53125 0.27109375 0.05390625 0.1375
0 0.86171875 0.74140625 0.05390625 0.1390625
0 0.08046875 0.725 0.06171875 0.13203125
1 0.97421875 0.5875 0.05078125 0.1546875
1 0.9734375 0.27890625 0.053125 0.125
1 0.91875 0.58828125 0.0515625 0.15078125
1 0.8671875 0.5921875 0.05859375 0.14453125
1 0.80859375 0.5890625 0.0515625 0.16640625
1 0.75390625 0.58515625 0.04453125 0.159375
1 0.69765625 0.58515625 0.05703125 0.1359375
1 0.63671875 0.57734375 0.053125 0.1515625
1 0.5875 0.5828125 0.05625 0.14453125
1 0.5296875 0.56796875 0.053125 0.15625
1 0.47265625 0.5765625 0.05390625 0.1421875
1 0.41796875 0.58125 0.05703125 0.1390625
1 0.36171875 0.58203125 0.05859375 0.14609375
1 0.30234375 0.5734375 0.059375 0.14296875
1 0.19375 0.5828125 0.059375 0.159375
1 0.2484375 0.58203125 0.053125 0.14609375
1 0.14140625 0.5765625 0.059375 0.15078125
1 0.0875 0.5734375 0.05625 0.140625
1 0.0296875 0.56953125 0.05078125 0.14453125
1 0.02578125 0.72109375 0.0515625 0.140625
1 0.1359375 0.73203125 0.05390625 0.1546875
1 0.1921875 0.7265625 0.05859375 0.13203125
1 0.24609375 0.725 0.0484375 0.140625
1 0.2984375 0.728125 0.05390625 0.14609375
1 0.3578125 0.73046875 0.05546875 0.14296875
1 0.41015625 0.73515625 0.053125 0.1578125
1 0.4671875 0.73046875 0.0515625 0.1578125
1 0.525 0.7296875 0.0515625 0.16015625
1 0.58359375 0.728125 0.0453125 0.1515625
1 0.6359375 0.73046875 0.03984375 0.1375
1 0.6921875 0.7390625 0.05390625 0.14296875
1 0.74765625 0.73828125 0.06484375 0.1515625
1 0.80546875 0.74296875 0.04453125 0.15625
1 0.91640625 0.7484375 0.05390625 0.15078125
1 0.97421875 0.74296875 0.04765625 0.15625