1 0.76484375 0.33671875 0.1421875 0.07421875
1 0.9203125 0.421875 0.13984375 0.08515625
1 0.75546875 0.421875 0.14609375 0.08828125
1 0.9203125 0.515625 0.13984375 0.08125
1 0.76875 0.5078125 0.1359375 0.0609375
1 0.92890625 0.60078125 0.12578125 0.06796875
1 0.77265625 0.5953125 0.1484375 0.06171875
1 0.77265625 0.68359375 0.13984375 0.07578125
1 0.92578125 0.68671875 0.1375 0.08125
1 0.7671875 0.77734375 0.1421875 0.08671875
1 0.91796875 0.77890625 0.14609375 0.08671875
1 0.77265625 0.8671875 0.1484375 0.07890625
1 0.92734375 0.86796875 0.14453125 0.071875
1 0.7671875 0.95 0.1421875 0.07890625
1 0.92265625 0.95625 0.13984375 0.06640625
1 0.21015625 0.31796875 0.140625 0.08125
1 0.37265625 0.32421875 0.175 0.08828125
1 0.22421875 0.41171875 0.1375 0.07890625
1 0.37265625 0.4109375 0.1484375 0.06875
1 0.2234375 0.50390625 0.16953125 0.0828125
1 0.384375 0.503125 0.15546875 0.08671875
1 0.22109375 0.5921875 0.1703125 0.0828125
1 0.38828125 0.59375 0.165625 0.0703125
1 0.22109375 0.6828125 0.1578125 0.0828125
1 0.38671875 0.678125 0.1625 0.08984375
1 0.21484375 0.76953125 0.17265625 0.084375
1 0.38515625 0.7703125 0.15859375 0.06484375
1 0.23203125 0.86328125 0.1578125 0.08984375
1 0.3921875 0.85859375 0.15546875 0.06796875
1 0.22265625 0.9546875 0.16796875 0.0828125
1 0.3828125 0.95625 0.16015625 0.0796875
0 0.89921875 0.3390625 0.12265625 0.06328125
1 0.38203125 0.23046875 0.1328125 0.0828125
1 0.909375 0.259375 0.13203125 0.06640625
1 0.7625 0.25390625 0.14609375 0.06640625