1 0.23515625 0.33671875 0.1421875 0.07421875
1 0.0796875 0.421875 0.13984375 0.08515625
1 0.24453125 0.421875 0.14609375 0.08828125
1 0.0796875 0.515625 0.13984375 0.08125
1 0.23125 0.5078125 0.1359375 0.0609375
1 0.07109375 0.60078125 0.12578125 0.06796875
1 0.22734375 0.5953125 0.1484375 0.06171875
1 0.22734375 0.68359375 0.13984375 0.07578125
1 0.07421875 0.68671875 0.1375 0.08125
1 0.2328125 0.77734375 0.1421875 0.08671875
1 0.08203125 0.77890625 0.14609375 0.08671875
1 0.22734375 0.8671875 0.1484375 0.07890625
1 0.07265625 0.86796875 0.14453125 0.071875
1 0.2328125 0.95 0.1421875 0.07890625
1 0.07734375 0.95625 0.13984375 0.06640625
1 0.78984375 0.31796875 0.140625 0.08125
1 0.62734375 0.32421875 0.175 0.08828125
1 0.77578125 0.41171875 0.1375 0.07890625
1 0.62734375 0.4109375 0.1484375 0.06875
1 0.7765625 0.50390625 0.16953125 0.0828125
1 0.615625 0.503125 0.15546875 0.08671875
1 0.77890625 0.5921875 0.1703125 0.0828125
1 0.61171875 0.59375 0.165625 0.0703125
1 0.77890625 0.6828125 0.1578125 0.0828125
1 0.61328125 0.678125 0.1625 0.08984375
1 0.78515625 0.76953125 0.17265625 0.084375
1 0.61484375 0.7703125 0.15859375 0.06484375
1 0.76796875 0.86328125 0.1578125 0.08984375
1 0.6078125 0.85859375 0.15546875 0.06796875
1 0.77734375 0.9546875 0.16796875 0.0828125
1 0.6171875 0.95625 0.16015625 0.0796875
0 0.10078125 0.3390625 0.12265625 0.06328125
1 0.61796875 0.23046875 0.1328125 0.0828125
1 0.090625 0.259375 0.13203125 0.06640625
1 0.2375 0.25390625 0.14609375 0.06640625