1 0.58671875 0.26171875 0.08359375 0.27265625
1 0.50546875 0.25859375 0.0859375 0.25859375
1 0.42578125 0.24609375 0.07890625 0.25625
1 0.665625 0.26484375 0.0765625 0.28046875
1 0.74765625 0.2671875 0.0796875 0.2703125
1 0.83203125 0.2625 0.084375 0.25703125
1 0.9109375 0.2734375 0.08046875 0.2546875
1 0.87109375 0.8765625 0.0765625 0.246875
1 0.79140625 0.87109375 0.0828125 0.24609375
1 0.7078125 0.87109375 0.0890625 0.25703125
1 0.62734375 0.87109375 0.08046875 0.2578125
1 0.54765625 0.87109375 0.084375 0.25703125
1 0.37890625 0.865625 0.0734375 0.26875
1 0.3 0.86796875 0.078125 0.26328125
1 0.2171875 0.8703125 0.084375 0.259375
1 0.1328125 0.87109375 0.084375 0.2578125
1 0.05234375 0.86015625 0.084375 0.2390625