1 0.41328125 0.26171875 0.08359375 0.27265625
1 0.49453125 0.25859375 0.0859375 0.25859375
1 0.57421875 0.24609375 0.07890625 0.25625
1 0.334375 0.26484375 0.0765625 0.28046875
1 0.25234375 0.2671875 0.0796875 0.2703125
1 0.16796875 0.2625 0.084375 0.25703125
1 0.0890625 0.2734375 0.08046875 0.2546875
1 0.12890625 0.8765625 0.0765625 0.246875
1 0.20859375 0.87109375 0.0828125 0.24609375
1 0.2921875 0.87109375 0.0890625 0.25703125
1 0.37265625 0.87109375 0.08046875 0.2578125
1 0.45234375 0.87109375 0.084375 0.25703125
1 0.62109375 0.865625 0.0734375 0.26875
1 0.7 0.86796875 0.078125 0.26328125
1 0.7828125 0.8703125 0.084375 0.259375
1 0.8671875 0.87109375 0.084375 0.2578125
1 0.94765625 0.86015625 0.084375 0.2390625