1 0.37890625 0.19375 0.0828125 0.2609375
1 0.390625 0.4953125 0.08671875 0.2828125
1 0.2875 0.16953125 0.07578125 0.2453125
1 0.29765625 0.4625 0.09453125 0.26015625
1 0.2046875 0.178125 0.0734375 0.25625
1 0.2109375 0.46328125 0.0875 0.27734375
1 0.12109375 0.16328125 0.08515625 0.22109375
1 0.12109375 0.43671875 0.0828125 0.284375
1 0.03984375 0.184375 0.0796875 0.290625
1 0.03828125 0.47265625 0.0765625 0.253125
1 0.5515625 0.225 0.0828125 0.28046875
1 0.55078125 0.51484375 0.07890625 0.2125
1 0.53828125 0.7953125 0.0875 0.24375
1 0.87578125 0.71328125 0.103125 0.31640625
1 0.88984375 0.38125 0.10078125 0.27734375
1 0.9046875 0.1125 0.11875 0.225