1 0.62109375 0.19375 0.0828125 0.2609375
1 0.609375 0.4953125 0.08671875 0.2828125
1 0.7125 0.16953125 0.07578125 0.2453125
1 0.70234375 0.4625 0.09453125 0.26015625
1 0.7953125 0.178125 0.0734375 0.25625
1 0.7890625 0.46328125 0.0875 0.27734375
1 0.87890625 0.16328125 0.08515625 0.22109375
1 0.87890625 0.43671875 0.0828125 0.284375
1 0.96015625 0.184375 0.0796875 0.290625
1 0.96171875 0.47265625 0.0765625 0.253125
1 0.4484375 0.225 0.0828125 0.28046875
1 0.44921875 0.51484375 0.07890625 0.2125
1 0.46171875 0.7953125 0.0875 0.24375
1 0.12421875 0.71328125 0.103125 0.31640625
1 0.11015625 0.38125 0.10078125 0.27734375
1 0.0953125 0.1125 0.11875 0.225