1 0.1109375 0.11328125 0.19140625 0.14296875
1 0.334375 0.12265625 0.1921875 0.11328125
1 0.33984375 0.25859375 0.1859375 0.12578125
1 0.128125 0.2640625 0.2171875 0.1203125
1 0.13984375 0.4015625 0.19765625 0.1171875
1 0.34609375 0.40625 0.1828125 0.11875
1 0.34453125 0.54921875 0.1828125 0.13125
1 0.13828125 0.54375 0.209375 0.11484375
1 0.1484375 0.6859375 0.22578125 0.121875
1 0.3828125 0.6953125 0.225 0.11875
1 0.14765625 0.840625 0.184375 0.1203125
1 0.36875 0.834375 0.234375 0.12421875
1 0.1421875 0.9578125 0.21015625 0.07734375
1 0.384375 0.95703125 0.24375 0.0859375