1 0.11484375 0.05625 0.2234375 0.11015625
1 0.13671875 0.1796875 0.24609375 0.0921875
1 0.15390625 0.41015625 0.27421875 0.128125
1 0.12890625 0.5484375 0.24453125 0.11328125
1 0.14453125 0.68046875 0.2890625 0.11875
1 0.1375 0.8171875 0.275 0.125
1 0.14375 0.94140625 0.2359375 0.11484375
1 0.69921875 0.10078125 0.296875 0.11875
1 0.7140625 0.2421875 0.2890625 0.11171875
1 0.72109375 0.384375 0.303125 0.11171875
1 0.71875 0.5109375 0.2796875 0.1171875
1 0.725 0.63984375 0.2953125 0.11015625
1 0.72734375 0.76328125 0.290625 0.1171875
1 0.72421875 0.89921875 0.296875 0.13046875