1 0.97421875 0.296875 0.05078125 0.1296875
1 0.90546875 0.29453125 0.06875 0.1203125
1 0.8390625 0.29296875 0.06640625 0.1296875
1 0.75703125 0.29609375 0.08828125 0.13359375
1 0.56640625 0.29921875 0.06796875 0.128125
1 0.4921875 0.29453125 0.075 0.1296875
1 0.40859375 0.2953125 0.0796875 0.128125
1 0.33203125 0.3015625 0.0859375 0.13515625
1 0.25625 0.2984375 0.075 0.1203125
1 0.075 0.3375 0.0796875 0.15
1 0.08828125 0.4875 0.0734375 0.15546875
1 0.30078125 0.88203125 0.0796875 0.15703125
1 0.3703125 0.8859375 0.08125 0.15
1 0.44921875 0.884375 0.0859375 0.15
1 0.53046875 0.89609375 0.0859375 0.146875
1 0.6078125 0.89453125 0.075 0.14375
1 0.66953125 0.8921875 0.071875 0.15390625
1 0.74375 0.89765625 0.0859375 0.15
1 0.8265625 0.8921875 0.0765625 0.1484375
1 0.88984375 0.88671875 0.06484375 0.13203125
1 0.95625 0.88515625 0.071875 0.13671875
1 0.9703125 0.53203125 0.059375 0.15
1 0.90234375 0.534375 0.071875 0.15
1 0.82578125 0.5375 0.075 0.15703125
1 0.75546875 0.53125 0.0734375 0.14375
1 0.62578125 0.5171875 0.06640625 0.13671875
1 0.5578125 0.52890625 0.075 0.128125
1 0.47578125 0.52734375 0.078125 0.13046875
1 0.4 0.5234375 0.08125 0.1453125
1 0.3265625 0.521875 0.078125 0.1453125
1 0.25390625 0.52265625 0.0734375 0.15234375