1 0.209375 0.2015625 0.034375 0.10078125
1 0.17265625 0.2046875 0.04140625 0.1125
1 0.13203125 0.20703125 0.03828125 0.103125
1 0.09609375 0.19921875 0.03125 0.11171875
1 0.06171875 0.2046875 0.0421875 0.1171875
1 0.0171875 0.20625 0.0328125 0.12421875
1 0.38203125 0.20234375 0.0328125 0.11015625
1 0.421875 0.2046875 0.0375 0.11953125
1 0.46328125 0.203125 0.04296875 0.11953125
1 0.45859375 0.4453125 0.034375 0.1171875
1 0.41953125 0.44140625 0.04609375 0.12421875
1 0.3828125 0.44296875 0.03671875 0.09921875
1 0.3375 0.4453125 0.0390625 0.103125
1 0.2 0.44453125 0.034375 0.10703125
1 0.15390625 0.44375 0.0359375 0.1140625
1 0.115625 0.440625 0.0359375 0.11015625
1 0.0765625 0.4453125 0.03828125 0.10625
1 0.0390625 0.44921875 0.03671875 0.10625
1 0.040625 0.61953125 0.0375 0.09921875
1 0.08359375 0.62109375 0.0390625 0.1140625
1 0.12265625 0.62421875 0.03671875 0.103125
1 0.16015625 0.6265625 0.0421875 0.10703125
1 0.2 0.621875 0.03125 0.1046875
1 0.265625 0.6234375 0.0296875 0.10703125
1 0.30390625 0.625 0.03203125 0.1046875
1 0.34296875 0.62265625 0.03671875 0.11953125
1 0.38046875 0.62734375 0.03828125 0.1125
1 0.42109375 0.62734375 0.0359375 0.11015625
1 0.45859375 0.62734375 0.03828125 0.09921875
1 0.43984375 0.9015625 0.0359375 0.09375
1 0.3984375 0.91328125 0.03203125 0.09765625
1 0.3609375 0.90625 0.03359375 0.11171875
0 0.3171875 0.9109375 0.03671875 0.1015625
0 0.240625 0.91484375 0.04140625 0.09765625
0 0.16484375 0.9109375 0.0328125 0.1015625
1 0.278125 0.90625 0.040625 0.125
1 0.20078125 0.90625 0.03359375 0.10859375
1 0.1265625 0.909375 0.03203125 0.103125
1 0.090625 0.91171875 0.03671875 0.103125
1 0.93203125 0.89765625 0.04609375 0.1125
0 0.85 0.9046875 0.03671875 0.1171875
0 0.88671875 0.8984375 0.0390625 0.10703125
0 0.9671875 0.8953125 0.04296875 0.10859375
1 0.678125 0.05078125 0.0515625 0.09921875
1 0.67734375 0.18203125 0.046875 0.09765625
1 0.67421875 0.37109375 0.03359375 0.128125
1 0.7046875 0.809375 0.0828125 0.06640625
1 0.71015625 0.88359375 0.084375 0.0796875
1 0.69296875 0.95234375 0.0578125 0.08515625