1 0.58046875 0.115625 0.228125 0.10625
1 0.60625 0.24375 0.2203125 0.11640625
1 0.59765625 0.38203125 0.2015625 0.1046875
1 0.60390625 0.50703125 0.20859375 0.11015625
1 0.60078125 0.62890625 0.20703125 0.1046875
1 0.59921875 0.759375 0.20625 0.1203125
1 0.60078125 0.89375 0.18828125 0.12578125
1 0.14765625 0.3046875 0.19765625 0.11875
1 0.15 0.4375 0.21171875 0.11328125
1 0.15 0.559375 0.21796875 0.11640625
1 0.15234375 0.690625 0.2015625 0.121875
1 0.15546875 0.82734375 0.19296875 0.11171875
1 0.13828125 0.05390625 0.175 0.1078125