1 0.10625 0.19765625 0.15703125 0.0921875
1 0.121875 0.29296875 0.18203125 0.0765625
1 0.14921875 0.3828125 0.1765625 0.0734375
1 0.16640625 0.46875 0.1671875 0.0796875
1 0.1671875 0.54765625 0.1515625 0.06484375
1 0.17578125 0.63515625 0.15625 0.08125
1 0.18125 0.734375 0.15859375 0.08125
1 0.18671875 0.84140625 0.17265625 0.06953125
1 0.18828125 0.95625 0.153125 0.0875
1 0.91640625 0.2765625 0.12265625 0.1640625
1 0.934375 0.47734375 0.10625 0.2078125
1 0.94921875 0.67890625 0.08984375 0.18671875
1 0.96015625 0.91171875 0.07890625 0.1765625
1 0.434375 0.94375 0.08984375 0.11171875
1 0.41953125 0.75859375 0.09921875 0.159375
1 0.4125 0.58828125 0.08046875 0.14609375
1 0.40546875 0.3859375 0.09765625 0.17578125
1 0.3828125 0.18125 0.1078125 0.18515625
1 0.09140625 0.07578125 0.14921875 0.11015625