1 0.89375 0.19765625 0.15703125 0.0921875
1 0.878125 0.29296875 0.18203125 0.0765625
1 0.85078125 0.3828125 0.1765625 0.0734375
1 0.83359375 0.46875 0.1671875 0.0796875
1 0.8328125 0.54765625 0.1515625 0.06484375
1 0.82421875 0.63515625 0.15625 0.08125
1 0.81875 0.734375 0.15859375 0.08125
1 0.81328125 0.84140625 0.17265625 0.06953125
1 0.81171875 0.95625 0.153125 0.0875
1 0.08359375 0.2765625 0.12265625 0.1640625
1 0.065625 0.47734375 0.10625 0.2078125
1 0.05078125 0.67890625 0.08984375 0.18671875
1 0.03984375 0.91171875 0.07890625 0.1765625
1 0.565625 0.94375 0.08984375 0.11171875
1 0.58046875 0.75859375 0.09921875 0.159375
1 0.5875 0.58828125 0.08046875 0.14609375
1 0.59453125 0.3859375 0.09765625 0.17578125
1 0.6171875 0.18125 0.1078125 0.18515625
1 0.90859375 0.07578125 0.14921875 0.11015625