1 0.525 0.6359375 0.0921875 0.1765625
1 0.4421875 0.6390625 0.071875 0.175
1 0.35703125 0.63984375 0.0875 0.19375
1 0.271875 0.6390625 0.08203125 0.1703125
1 0.1859375 0.6359375 0.07890625 0.18046875
1 0.11015625 0.63125 0.0609375 0.16640625
1 0.0328125 0.63046875 0.065625 0.1734375
1 0.06015625 0.2078125 0.07890625 0.1859375
1 0.3125 0.2015625 0.075 0.19765625
1 0.21796875 0.221875 0.084375 0.18984375
1 0.1390625 0.20390625 0.07265625 0.19140625
1 0.63828125 0.94375 0.1578125 0.1015625
1 0.9625 0.5296875 0.075 0.19375
1 0.965625 0.321875 0.06875 0.1953125