1 0.32734375 0.58046875 0.08671875 0.19140625
1 0.3484375 0.7921875 0.07578125 0.17109375
1 0.2515625 0.78671875 0.075 0.18671875
1 0.24296875 0.5890625 0.09609375 0.1984375
1 0.1640625 0.5953125 0.075 0.2
1 0.17265625 0.796875 0.06875 0.16953125
1 0.0859375 0.5921875 0.0828125 0.18515625
1 0.09375 0.79296875 0.08671875 0.184375
1 0.02109375 0.58828125 0.0421875 0.16875
1 0.02734375 0.81328125 0.0546875 0.2109375
1 0.10390625 0.21328125 0.13984375 0.14140625
1 0.7640625 0.1828125 0.08515625 0.17109375
1 0.765625 0.38984375 0.090625 0.19140625
1 0.7796875 0.65078125 0.090625 0.18828125
1 0.7859375 0.88203125 0.08515625 0.1828125
1 0.47890625 0.66484375 0.07578125 0.19140625
1 0.48828125 0.8703125 0.08828125 0.19140625
1 0.4328125 0.09140625 0.084375 0.17421875