1 0.065625 0.6890625 0.07890625 0.14921875
1 0.14140625 0.6890625 0.06953125 0.14375
1 0.22578125 0.684375 0.07734375 0.15859375
1 0.3015625 0.7 0.05703125 0.14765625
1 0.384375 0.69296875 0.06015625 0.1421875
1 0.46015625 0.6890625 0.0828125 0.13828125
1 0.53515625 0.690625 0.05859375 0.16875
1 0.6203125 0.690625 0.0625 0.1546875
1 0.69375 0.6875 0.06796875 0.13359375
1 0.7828125 0.6890625 0.06640625 0.13515625
1 0.85703125 0.690625 0.06953125 0.16015625
1 0.9359375 0.6890625 0.06640625 0.14375
1 0.9015625 0.39921875 0.08828125 0.16328125
1 0.74765625 0.403125 0.0640625 0.17421875
1 0.6703125 0.40234375 0.075 0.17734375
1 0.5953125 0.39921875 0.06953125 0.14921875
1 0.51640625 0.39296875 0.0765625 0.1703125
1 0.43046875 0.3921875 0.084375 0.17421875
1 0.36015625 0.3890625 0.06796875 0.18671875
1 0.2671875 0.39765625 0.0734375 0.1515625
1 0.1953125 0.40625 0.05703125 0.16328125
1 0.1171875 0.3984375 0.0765625 0.16484375
1 0.04140625 0.39453125 0.05625 0.15859375
1 0.06640625 0.89375 0.0734375 0.15078125
1 0.2125 0.89765625 0.06796875 0.1421875
1 0.3109375 0.90703125 0.0953125 0.1703125
1 0.45625 0.9046875 0.071875 0.153125
1 0.5484375 0.9015625 0.08046875 0.14765625
1 0.68671875 0.896875 0.084375 0.14375
1 0.86640625 0.8921875 0.0859375 0.1671875
0 0.81796875 0.40390625 0.0625 0.15625
1 0.77109375 0.9 0.06953125 0.14375
1 0.14375 0.9015625 0.06171875 0.1453125