1 0.21796875 0.0734375 0.15546875 0.06484375
1 0.234375 0.1671875 0.1734375 0.08359375
1 0.228125 0.2515625 0.16640625 0.0703125
1 0.2453125 0.340625 0.16015625 0.08671875
1 0.1 0.13046875 0.0859375 0.14375
1 0.1125 0.29609375 0.078125 0.16328125
1 0.034375 0.1234375 0.06875 0.1625
1 0.2390625 0.609375 0.1609375 0.075
1 0.2359375 0.703125 0.15546875 0.075
1 0.2484375 0.7890625 0.1640625 0.08203125
1 0.25 0.87265625 0.15546875 0.08671875
1 0.12109375 0.65234375 0.078125 0.16484375
1 0.04609375 0.653125 0.078125 0.15703125
1 0.05703125 0.83046875 0.07265625 0.1734375
1 0.12890625 0.828125 0.0765625 0.16875
1 0.034375 0.29921875 0.06875 0.1828125