1 0.78203125 0.0734375 0.15546875 0.06484375
1 0.765625 0.1671875 0.1734375 0.08359375
1 0.771875 0.2515625 0.16640625 0.0703125
1 0.7546875 0.340625 0.16015625 0.08671875
1 0.9 0.13046875 0.0859375 0.14375
1 0.8875 0.29609375 0.078125 0.16328125
1 0.965625 0.1234375 0.06875 0.1625
1 0.7609375 0.609375 0.1609375 0.075
1 0.7640625 0.703125 0.15546875 0.075
1 0.7515625 0.7890625 0.1640625 0.08203125
1 0.75 0.87265625 0.15546875 0.08671875
1 0.87890625 0.65234375 0.078125 0.16484375
1 0.95390625 0.653125 0.078125 0.15703125
1 0.94296875 0.83046875 0.07265625 0.1734375
1 0.87109375 0.828125 0.0765625 0.16875
1 0.965625 0.29921875 0.06875 0.1828125