0 0.23515625 0.26328125 0.059375 0.1390625
1 0.29453125 0.24921875 0.0640625 0.1578125
1 0.234375 0.1140625 0.0671875 0.1390625
1 0.1828125 0.121875 0.059375 0.1171875
1 0.125 0.10703125 0.06015625 0.121875
1 0.0703125 0.1078125 0.05625 0.12734375
1 0.0203125 0.1171875 0.03984375 0.14296875
1 0.0234375 0.2640625 0.03984375 0.1421875
1 0.07421875 0.2578125 0.05234375 0.16640625
1 0.128125 0.25625 0.05859375 0.16328125
1 0.1859375 0.25703125 0.05234375 0.16484375
1 0.38125 0.28671875 0.0640625 0.1375
1 0.3828125 0.1359375 0.06171875 0.14296875
1 0.30390625 0.57265625 0.06875 0.1421875
1 0.3109375 0.71796875 0.06484375 0.140625
1 0.2484375 0.7203125 0.0671875 0.1421875
1 0.24921875 0.56875 0.0546875 0.140625
1 0.18984375 0.571875 0.06484375 0.13203125
1 0.19609375 0.71796875 0.06015625 0.14296875
1 0.1421875 0.7234375 0.06015625 0.1578125
1 0.13671875 0.5703125 0.06171875 0.134375
1 0.08046875 0.565625 0.0515625 0.13203125
1 0.084375 0.72421875 0.0546875 0.15625
1 0.03046875 0.5734375 0.0546875 0.1375
1 0.0296875 0.72265625 0.05234375 0.15078125