1 0.546875 0.35390625 0.234375 0.07890625
1 0.353125 0.3484375 0.18203125 0.07890625
1 0.33671875 0.4359375 0.1984375 0.08828125
1 0.53828125 0.43671875 0.20703125 0.07890625
1 0.5375 0.515625 0.21796875 0.07734375
1 0.54609375 0.60859375 0.21015625 0.0796875
1 0.5390625 0.69375 0.21484375 0.08515625
1 0.3296875 0.78125 0.21328125 0.0828125
1 0.32734375 0.68984375 0.21484375 0.08828125
1 0.3328125 0.60390625 0.203125 0.08125
1 0.33125 0.51640625 0.203125 0.08984375
1 0.5421875 0.86953125 0.20859375 0.0828125
1 0.5515625 0.95859375 0.18359375 0.0828125
1 0.3640625 0.959375 0.20703125 0.08125
1 0.3421875 0.8703125 0.22109375 0.06875
0 0.540625 0.784375 0.21484375 0.08671875
1 0.359375 0.25390625 0.225 0.096875
1 0.57734375 0.25859375 0.21015625 0.0953125