1 0.453125 0.35390625 0.234375 0.07890625
1 0.646875 0.3484375 0.18203125 0.07890625
1 0.66328125 0.4359375 0.1984375 0.08828125
1 0.46171875 0.43671875 0.20703125 0.07890625
1 0.4625 0.515625 0.21796875 0.07734375
1 0.45390625 0.60859375 0.21015625 0.0796875
1 0.4609375 0.69375 0.21484375 0.08515625
1 0.6703125 0.78125 0.21328125 0.0828125
1 0.67265625 0.68984375 0.21484375 0.08828125
1 0.6671875 0.60390625 0.203125 0.08125
1 0.66875 0.51640625 0.203125 0.08984375
1 0.4578125 0.86953125 0.20859375 0.0828125
1 0.4484375 0.95859375 0.18359375 0.0828125
1 0.6359375 0.959375 0.20703125 0.08125
1 0.6578125 0.8703125 0.22109375 0.06875
0 0.459375 0.784375 0.21484375 0.08671875
1 0.640625 0.25390625 0.225 0.096875
1 0.42265625 0.25859375 0.21015625 0.0953125