1 0.33046875 0.21171875 0.2046875 0.071875
1 0.33046875 0.03671875 0.240625 0.0703125
1 0.55859375 0.03359375 0.1625 0.0625
1 0.55625 0.11953125 0.225 0.071875
1 0.55625 0.203125 0.20859375 0.06875
1 0.57734375 0.28671875 0.2265625 0.06796875
1 0.5734375 0.37109375 0.2296875 0.06328125
1 0.3359375 0.28828125 0.20703125 0.06796875
1 0.3375 0.36796875 0.2390625 0.071875
1 0.33671875 0.46015625 0.21484375 0.07734375
1 0.56640625 0.45234375 0.234375 0.0875
1 0.340625 0.53828125 0.196875 0.07421875
1 0.55390625 0.5375 0.21953125 0.07734375
1 0.33515625 0.6234375 0.22109375 0.0828125
1 0.55546875 0.62109375 0.2 0.0828125
1 0.3375 0.7140625 0.2421875 0.07734375
1 0.565625 0.71484375 0.21953125 0.0890625
1 0.3265625 0.80390625 0.2 0.0875
1 0.540625 0.8078125 0.228125 0.07734375
1 0.328125 0.8953125 0.21015625 0.07421875
1 0.55390625 0.8921875 0.2265625 0.07265625
1 0.32734375 0.96875 0.2015625 0.06171875
1 0.5609375 0.96484375 0.25546875 0.0703125
0 0.325 0.11796875 0.22265625 0.0828125