1 0.66953125 0.21171875 0.2046875 0.071875
1 0.66953125 0.03671875 0.240625 0.0703125
1 0.44140625 0.03359375 0.1625 0.0625
1 0.44375 0.11953125 0.225 0.071875
1 0.44375 0.203125 0.20859375 0.06875
1 0.42265625 0.28671875 0.2265625 0.06796875
1 0.4265625 0.37109375 0.2296875 0.06328125
1 0.6640625 0.28828125 0.20703125 0.06796875
1 0.6625 0.36796875 0.2390625 0.071875
1 0.66328125 0.46015625 0.21484375 0.07734375
1 0.43359375 0.45234375 0.234375 0.0875
1 0.659375 0.53828125 0.196875 0.07421875
1 0.44609375 0.5375 0.21953125 0.07734375
1 0.66484375 0.6234375 0.22109375 0.0828125
1 0.44453125 0.62109375 0.2 0.0828125
1 0.6625 0.7140625 0.2421875 0.07734375
1 0.434375 0.71484375 0.21953125 0.0890625
1 0.6734375 0.80390625 0.2 0.0875
1 0.459375 0.8078125 0.228125 0.07734375
1 0.671875 0.8953125 0.21015625 0.07421875
1 0.44609375 0.8921875 0.2265625 0.07265625
1 0.67265625 0.96875 0.2015625 0.06171875
1 0.4390625 0.96484375 0.25546875 0.0703125
0 0.675 0.11796875 0.22265625 0.0828125