1 0.959375 0.24140625 0.08125 0.2125
1 0.78828125 0.24921875 0.08203125 0.21328125
1 0.703125 0.2625 0.08515625 0.228125
1 0.621875 0.253125 0.0875 0.2203125
1 0.53203125 0.25234375 0.075 0.225
1 0.45234375 0.25390625 0.07421875 0.225
1 0.37109375 0.2625 0.09921875 0.23984375
1 0.28671875 0.2546875 0.0765625 0.2234375
1 0.2046875 0.25546875 0.0734375 0.225
1 0.1265625 0.2515625 0.08359375 0.21484375
1 0.04296875 0.2609375 0.0859375 0.209375
1 0.075 0.63359375 0.14921875 0.1296875
1 0.27421875 0.63984375 0.19140625 0.13828125
1 0.4671875 0.62890625 0.18125 0.11484375
1 0.821875 0.69921875 0.17109375 0.1234375
1 0.815625 0.821875 0.16015625 0.121875
1 0.81640625 0.9375 0.1671875 0.1203125