1 0.040625 0.24140625 0.08125 0.2125
1 0.21171875 0.24921875 0.08203125 0.21328125
1 0.296875 0.2625 0.08515625 0.228125
1 0.378125 0.253125 0.0875 0.2203125
1 0.46796875 0.25234375 0.075 0.225
1 0.54765625 0.25390625 0.07421875 0.225
1 0.62890625 0.2625 0.09921875 0.23984375
1 0.71328125 0.2546875 0.0765625 0.2234375
1 0.7953125 0.25546875 0.0734375 0.225
1 0.8734375 0.2515625 0.08359375 0.21484375
1 0.95703125 0.2609375 0.0859375 0.209375
1 0.925 0.63359375 0.14921875 0.1296875
1 0.72578125 0.63984375 0.19140625 0.13828125
1 0.5328125 0.62890625 0.18125 0.11484375
1 0.178125 0.69921875 0.17109375 0.1234375
1 0.184375 0.821875 0.16015625 0.121875
1 0.18359375 0.9375 0.1671875 0.1203125