0 0.6203125 0.284375 0.121875 0.090625
1 0.61875 0.4484375 0.1390625 0.078125
1 0.61640625 0.5265625 0.14609375 0.08046875
1 0.63046875 0.61484375 0.15703125 0.0765625
1 0.16015625 0.78359375 0.0828125 0.15703125
1 0.08671875 0.82890625 0.0828125 0.2078125
1 0.0234375 0.8203125 0.04609375 0.21953125
1 0.16875 0.16953125 0.06796875 0.15703125
1 0.16015625 0.37421875 0.0609375 0.16328125
1 0.103125 0.1703125 0.0671875 0.1671875
1 0.03359375 0.18203125 0.0671875 0.19140625
1 0.09609375 0.36640625 0.06953125 0.1671875
1 0.028125 0.3703125 0.05546875 0.1859375
1 0.32890625 0.81328125 0.06953125 0.17890625
1 0.246875 0.8125 0.09375 0.17734375