0 0.3796875 0.284375 0.121875 0.090625
1 0.38125 0.4484375 0.1390625 0.078125
1 0.38359375 0.5265625 0.14609375 0.08046875
1 0.36953125 0.61484375 0.15703125 0.0765625
1 0.83984375 0.78359375 0.0828125 0.15703125
1 0.91328125 0.82890625 0.0828125 0.2078125
1 0.9765625 0.8203125 0.04609375 0.21953125
1 0.83125 0.16953125 0.06796875 0.15703125
1 0.83984375 0.37421875 0.0609375 0.16328125
1 0.896875 0.1703125 0.0671875 0.1671875
1 0.96640625 0.18203125 0.0671875 0.19140625
1 0.90390625 0.36640625 0.06953125 0.1671875
1 0.971875 0.3703125 0.05546875 0.1859375
1 0.67109375 0.81328125 0.06953125 0.17890625
1 0.753125 0.8125 0.09375 0.17734375