1 0.24140625 0.92265625 0.1546875 0.0734375
1 0.2453125 0.8296875 0.16015625 0.08828125
1 0.25625 0.74296875 0.1578125 0.08125
1 0.2609375 0.65859375 0.1625 0.07890625
1 0.2484375 0.5734375 0.17578125 0.07890625
1 0.26484375 0.4859375 0.15546875 0.07734375
1 0.259375 0.4 0.1734375 0.0734375
1 0.26171875 0.31328125 0.159375 0.07109375
1 0.26875 0.225 0.1640625 0.07578125
1 0.2671875 0.1375 0.153125 0.06640625
1 0.271875 0.05078125 0.153125 0.075
1 0.1046875 0.05 0.15703125 0.0734375
1 0.1 0.14296875 0.1546875 0.0796875
1 0.10078125 0.2265625 0.15078125 0.08515625
1 0.0984375 0.3109375 0.1578125 0.07734375
1 0.090625 0.3984375 0.16875 0.08671875
1 0.09296875 0.48671875 0.16640625 0.0828125
1 0.0890625 0.57734375 0.15078125 0.08125
1 0.08515625 0.6515625 0.15546875 0.07890625
1 0.08984375 0.74140625 0.16015625 0.084375
1 0.0859375 0.83125 0.159375 0.09375
1 0.084375 0.91484375 0.153125 0.084375
1 0.565625 0.034375 0.14296875 0.06796875
1 0.553125 0.1015625 0.14140625 0.13046875
1 0.571875 0.20703125 0.13046875 0.14375
1 0.5453125 0.28828125 0.1328125 0.15234375
1 0.53984375 0.3734375 0.1140625 0.13359375
1 0.52578125 0.46484375 0.15703125 0.15078125
1 0.53828125 0.56953125 0.13671875 0.1390625
1 0.53359375 0.68359375 0.15234375 0.12421875