0 0.11328125 0.09765625 0.190625 0.0984375
1 0.11015625 0.1984375 0.21953125 0.084375
1 0.1078125 0.37578125 0.21484375 0.0921875
1 0.109375 0.47578125 0.21484375 0.07734375
1 0.1125 0.56875 0.22421875 0.07890625
1 0.50625 0.80234375 0.08828125 0.1890625
1 0.603125 0.784375 0.10234375 0.21015625
1 0.71796875 0.76171875 0.1140625 0.21640625
1 0.8375 0.8265625 0.11875 0.25
1 0.9453125 0.834375 0.10078125 0.24375
1 0.73828125 0.30859375 0.09453125 0.2
1 0.84453125 0.31484375 0.08515625 0.20234375
1 0.94609375 0.3140625 0.08671875 0.1890625
1 0.9375 0.1 0.08515625 0.184375
1 0.8390625 0.09765625 0.0671875 0.1796875
1 0.75234375 0.103125 0.09296875 0.184375