1 0.5546875 0.790625 0.14140625 0.20546875
1 0.5796875 0.39296875 0.1078125 0.17734375
1 0.325 0.796875 0.1359375 0.19921875
1 0.18828125 0.80703125 0.12109375 0.20078125
1 0.06328125 0.79921875 0.109375 0.17890625
1 0.10625 0.390625 0.11796875 0.19453125
1 0.23046875 0.39453125 0.11796875 0.20546875
1 0.33515625 0.3953125 0.11953125 0.18828125
1 0.45078125 0.40234375 0.10390625 0.20234375
1 0.81796875 0.4171875 0.109375 0.20234375
1 0.81796875 0.115625 0.12578125 0.21484375
1 0.93828125 0.12265625 0.1125 0.19140625
1 0.70234375 0.11484375 0.10078125 0.20078125
1 0.5796875 0.103125 0.11796875 0.20546875
1 0.4703125 0.1046875 0.10390625 0.18671875
1 0.3515625 0.1109375 0.12734375 0.20234375
1 0.2234375 0.109375 0.12109375 0.21796875
1 0.10234375 0.1046875 0.11796875 0.20546875
0 0.7046875 0.41171875 0.115625 0.19296875
0 0.9359375 0.4078125 0.12734375 0.19140625
0 0.93046875 0.8234375 0.12265625 0.20546875
0 0.8078125 0.8203125 0.12578125 0.22109375
0 0.6875 0.8109375 0.12734375 0.21171875
0 0.4421875 0.81015625 0.10078125 0.22265625