1 0.4453125 0.790625 0.14140625 0.20546875
1 0.4203125 0.39296875 0.1078125 0.17734375
1 0.675 0.796875 0.1359375 0.19921875
1 0.81171875 0.80703125 0.12109375 0.20078125
1 0.93671875 0.79921875 0.109375 0.17890625
1 0.89375 0.390625 0.11796875 0.19453125
1 0.76953125 0.39453125 0.11796875 0.20546875
1 0.66484375 0.3953125 0.11953125 0.18828125
1 0.54921875 0.40234375 0.10390625 0.20234375
1 0.18203125 0.4171875 0.109375 0.20234375
1 0.18203125 0.115625 0.12578125 0.21484375
1 0.06171875 0.12265625 0.1125 0.19140625
1 0.29765625 0.11484375 0.10078125 0.20078125
1 0.4203125 0.103125 0.11796875 0.20546875
1 0.5296875 0.1046875 0.10390625 0.18671875
1 0.6484375 0.1109375 0.12734375 0.20234375
1 0.7765625 0.109375 0.12109375 0.21796875
1 0.89765625 0.1046875 0.11796875 0.20546875
0 0.2953125 0.41171875 0.115625 0.19296875
0 0.0640625 0.4078125 0.12734375 0.19140625
0 0.06953125 0.8234375 0.12265625 0.20546875
0 0.1921875 0.8203125 0.12578125 0.22109375
0 0.3125 0.8109375 0.12734375 0.21171875
0 0.5578125 0.81015625 0.10078125 0.22265625