1 0.36953125 0.2921875 0.084375 0.22734375
1 0.4765625 0.3015625 0.10625 0.21640625
1 0.6 0.3015625 0.096875 0.20546875
1 0.68984375 0.29296875 0.11640625 0.22421875
1 0.80234375 0.30625 0.09296875 0.21796875
1 0.90546875 0.2984375 0.08515625 0.21640625
1 0.90078125 0.6796875 0.09609375 0.24296875
1 0.7890625 0.66875 0.08125 0.22734375
1 0.684375 0.6703125 0.08046875 0.22421875
1 0.5765625 0.6515625 0.1046875 0.1921875
1 0.471875 0.6453125 0.096875 0.19609375
1 0.3796875 0.66015625 0.096875 0.2421875