1 0.7109375 0.11484375 0.12421875 0.2296875
1 0.834375 0.11015625 0.10390625 0.21171875
1 0.94375 0.11015625 0.09375 0.21484375
1 0.5015625 0.275 0.10390625 0.2359375
1 0.40078125 0.27421875 0.0921875 0.2171875
1 0.296875 0.284375 0.1078125 0.234375
1 0.18046875 0.28515625 0.1078125 0.24375
1 0.07265625 0.2890625 0.1 0.2359375
1 0.390625 0.84140625 0.084375 0.2328125
1 0.28515625 0.8375 0.1 0.23828125
1 0.16796875 0.8515625 0.1171875 0.2296875
1 0.05703125 0.84921875 0.1 0.2171875
1 0.884375 0.69765625 0.11640625 0.22890625
1 0.8859375 0.91796875 0.12421875 0.1640625