1 0.2890625 0.11484375 0.12421875 0.2296875
1 0.165625 0.11015625 0.10390625 0.21171875
1 0.05625 0.11015625 0.09375 0.21484375
1 0.4984375 0.275 0.10390625 0.2359375
1 0.59921875 0.27421875 0.0921875 0.2171875
1 0.703125 0.284375 0.1078125 0.234375
1 0.81953125 0.28515625 0.1078125 0.24375
1 0.92734375 0.2890625 0.1 0.2359375
1 0.609375 0.84140625 0.084375 0.2328125
1 0.71484375 0.8375 0.1 0.23828125
1 0.83203125 0.8515625 0.1171875 0.2296875
1 0.94296875 0.84921875 0.1 0.2171875
1 0.115625 0.69765625 0.11640625 0.22890625
1 0.1140625 0.91796875 0.12421875 0.1640625