0 0.26484375 0.41015625 0.09921875 0.26640625
0 0.359375 0.41484375 0.09375 0.27578125
0 0.56796875 0.41484375 0.10546875 0.2609375
0 0.67109375 0.41484375 0.09765625 0.2640625
0 0.77109375 0.4203125 0.1015625 0.28046875
0 0.86953125 0.41640625 0.09921875 0.28125
0 0.96015625 0.42265625 0.0796875 0.27578125
0 0.9609375 0.69921875 0.078125 0.2640625
0 0.4640625 0.7 0.09921875 0.28046875
0 0.2546875 0.703125 0.1 0.30078125
1 0.35546875 0.7171875 0.12265625 0.3203125
1 0.45703125 0.41640625 0.11328125 0.2875
1 0.5609375 0.7234375 0.11328125 0.32890625
1 0.7640625 0.70546875 0.10546875 0.3140625
1 0.86484375 0.7046875 0.103125 0.30078125
0 0.66328125 0.696875 0.0890625 0.2875