1 0.2078125 0.25703125 0.0328125 0.1015625
1 0.121875 0.2578125 0.0375 0.0921875
1 0.2484375 0.25625 0.0375 0.09765625
1 0.2890625 0.2578125 0.03984375 0.1
1 0.33046875 0.25546875 0.046875 0.1
1 0.37265625 0.25703125 0.04296875 0.1046875
1 0.415625 0.25390625 0.0421875 0.103125
1 0.4609375 0.25 0.046875 0.09609375
1 0.50390625 0.25546875 0.0359375 0.09453125
1 0.5453125 0.25390625 0.0421875 0.0921875
1 0.9125 0.025 0.09140625 0.04921875
1 0.909375 0.08671875 0.0875 0.04921875
1 0.90859375 0.1515625 0.0734375 0.04921875
1 0.89765625 0.203125 0.0828125 0.05078125
1 0.8984375 0.2578125 0.08203125 0.04296875
1 0.9 0.3046875 0.0921875 0.04296875
1 0.89140625 0.35234375 0.0890625 0.046875
1 0.88203125 0.40546875 0.09609375 0.05234375
1 0.878125 0.45625 0.0890625 0.04375
1 0.87109375 0.52109375 0.09375 0.05234375
1 0.43125 0.45546875 0.040625 0.103125
1 0.39296875 0.4609375 0.04296875 0.090625
1 0.3515625 0.4625 0.04296875 0.08671875
1 0.31015625 0.465625 0.03828125 0.0921875
1 0.2703125 0.46953125 0.04296875 0.1
1 0.225 0.4625 0.04921875 0.0921875
1 0.18359375 0.46484375 0.03828125 0.1046875
1 0.14453125 0.4609375 0.04453125 0.1015625
1 0.10234375 0.46796875 0.046875 0.1140625
1 0.05703125 0.4640625 0.03828125 0.11953125
1 0.0171875 0.4640625 0.03359375 0.12578125
0 0.17109375 0.25546875 0.046875 0.10625
0 0.08359375 0.25546875 0.0375 0.09765625