1 0.390625 0.121875 0.0640625 0.1171875
1 0.33046875 0.125 0.05859375 0.13203125
1 0.275 0.1265625 0.05703125 0.1265625
1 0.21484375 0.1265625 0.05703125 0.12890625
1 0.15859375 0.12734375 0.0640625 0.1390625
1 0.509375 0.12421875 0.0515625 0.1359375
1 0.56484375 0.128125 0.06328125 0.140625
1 0.62265625 0.128125 0.05859375 0.140625
1 0.6828125 0.128125 0.0609375 0.14296875
1 0.74296875 0.13359375 0.05703125 0.13203125
1 0.79453125 0.12421875 0.0515625 0.15234375
1 0.14609375 0.5859375 0.05859375 0.1265625
1 0.203125 0.58515625 0.0546875 0.146875
1 0.26953125 0.57734375 0.06640625 0.12890625
1 0.32734375 0.58046875 0.05859375 0.13203125
1 0.39140625 0.58125 0.0609375 0.1359375
1 0.44921875 0.5796875 0.05234375 0.14453125
1 0.50625 0.5796875 0.065625 0.1390625
1 0.56484375 0.58203125 0.06171875 0.15
1 0.6265625 0.5859375 0.05625 0.140625
1 0.74296875 0.5859375 0.06328125 0.134375
1 0.84140625 0.8765625 0.05625 0.13359375
1 0.896875 0.86875 0.05234375 0.12890625
1 0.95703125 0.88125 0.05390625 0.14296875
1 0.78125 0.88046875 0.0640625 0.14609375
1 0.72265625 0.86953125 0.0703125 0.146875
1 0.6578125 0.88203125 0.0546875 0.15546875
1 0.60390625 0.87734375 0.0640625 0.140625
1 0.54375 0.88046875 0.05234375 0.15
1 0.4765625 0.88046875 0.06171875 0.128125
1 0.42109375 0.878125 0.06875 0.14453125
1 0.36171875 0.87421875 0.05703125 0.140625
1 0.30546875 0.878125 0.05703125 0.1390625
0 0.6859375 0.5765625 0.0609375 0.125
0 0.8046875 0.58359375 0.05234375 0.15
0 0.45390625 0.128125 0.059375 0.1265625
1 0.07421875 0.30078125 0.125 0.0703125
1 0.07734375 0.37578125 0.11796875 0.0671875