0 0.428125 0.09609375 0.0796875 0.171875
0 0.43125 0.29453125 0.0734375 0.1953125
0 0.3421875 0.08828125 0.08515625 0.17578125
0 0.35234375 0.2890625 0.06796875 0.1984375
0 0.265625 0.08828125 0.0765625 0.1671875
0 0.18359375 0.09140625 0.0875 0.17734375
0 0.1890625 0.29296875 0.07421875 0.2
0 0.103125 0.09453125 0.08203125 0.1828125
0 0.10703125 0.29765625 0.075 0.18984375
0 0.29296875 0.7578125 0.08203125 0.20703125
0 0.21015625 0.76484375 0.07890625 0.1953125
0 0.1296875 0.76484375 0.06796875 0.20390625
0 0.3875 0.7671875 0.090625 0.196875
1 0.275 0.29375 0.06875 0.215625
1 0.028125 0.30859375 0.05546875 0.21796875
1 0.04609375 0.76484375 0.08203125 0.20703125
0 0.03203125 0.10078125 0.05859375 0.18984375
1 0.75859375 0.05859375 0.1484375 0.1140625
1 0.75390625 0.19296875 0.159375 0.13828125
1 0.753125 0.32734375 0.13828125 0.1140625
1 0.7609375 0.45390625 0.159375 0.10859375
1 0.7640625 0.5875 0.17265625 0.1140625
1 0.74921875 0.70625 0.1265625 0.096875
1 0.7171875 0.84140625 0.1359375 0.1703125
1 0.690625 0.93984375 0.1359375 0.1171875