0 0.571875 0.09609375 0.0796875 0.171875
0 0.56875 0.29453125 0.0734375 0.1953125
0 0.6578125 0.08828125 0.08515625 0.17578125
0 0.64765625 0.2890625 0.06796875 0.1984375
0 0.734375 0.08828125 0.0765625 0.1671875
0 0.81640625 0.09140625 0.0875 0.17734375
0 0.8109375 0.29296875 0.07421875 0.2
0 0.896875 0.09453125 0.08203125 0.1828125
0 0.89296875 0.29765625 0.075 0.18984375
0 0.70703125 0.7578125 0.08203125 0.20703125
0 0.78984375 0.76484375 0.07890625 0.1953125
0 0.8703125 0.76484375 0.06796875 0.20390625
0 0.6125 0.7671875 0.090625 0.196875
1 0.725 0.29375 0.06875 0.215625
1 0.971875 0.30859375 0.05546875 0.21796875
1 0.95390625 0.76484375 0.08203125 0.20703125
0 0.96796875 0.10078125 0.05859375 0.18984375
1 0.24140625 0.05859375 0.1484375 0.1140625
1 0.24609375 0.19296875 0.159375 0.13828125
1 0.246875 0.32734375 0.13828125 0.1140625
1 0.2390625 0.45390625 0.159375 0.10859375
1 0.2359375 0.5875 0.17265625 0.1140625
1 0.25078125 0.70625 0.1265625 0.096875
1 0.2828125 0.84140625 0.1359375 0.1703125
1 0.309375 0.93984375 0.1359375 0.1171875