1 0.65703125 0.07109375 0.16875 0.10234375
1 0.64921875 0.190625 0.15859375 0.0890625
1 0.64609375 0.30546875 0.165625 0.10625
1 0.64609375 0.42109375 0.1734375 0.0875
1 0.6359375 0.525 0.17265625 0.0921875
1 0.64453125 0.65 0.159375 0.09765625
1 0.29453125 0.12265625 0.1546875 0.11171875
1 0.29140625 0.2359375 0.15 0.0921875
1 0.2875 0.34921875 0.1515625 0.10625
1 0.2875 0.4703125 0.15859375 0.1046875
1 0.2890625 0.58359375 0.16484375 0.090625
1 0.64609375 0.96171875 0.165625 0.07578125
0 0.64765625 0.75234375 0.1484375 0.10234375
0 0.64609375 0.8609375 0.15390625 0.0921875
0 0.28515625 0.68203125 0.1375 0.10234375