1 0.34296875 0.07109375 0.16875 0.10234375
1 0.35078125 0.190625 0.15859375 0.0890625
1 0.35390625 0.30546875 0.165625 0.10625
1 0.35390625 0.42109375 0.1734375 0.0875
1 0.3640625 0.525 0.17265625 0.0921875
1 0.35546875 0.65 0.159375 0.09765625
1 0.70546875 0.12265625 0.1546875 0.11171875
1 0.70859375 0.2359375 0.15 0.0921875
1 0.7125 0.34921875 0.1515625 0.10625
1 0.7125 0.4703125 0.15859375 0.1046875
1 0.7109375 0.58359375 0.16484375 0.090625
1 0.35390625 0.96171875 0.165625 0.07578125
0 0.35234375 0.75234375 0.1484375 0.10234375
0 0.35390625 0.8609375 0.15390625 0.0921875
0 0.71484375 0.68203125 0.1375 0.10234375