1 0.50546875 0.70234375 0.08203125 0.20546875
1 0.6078125 0.69375 0.09296875 0.2015625
1 0.7 0.67578125 0.08046875 0.17890625
1 0.78828125 0.65234375 0.07734375 0.1828125
1 0.8703125 0.6625 0.078125 0.19765625
1 0.9546875 0.6734375 0.06875 0.19921875
1 0.39296875 0.721875 0.0828125 0.18671875
1 0.3234375 0.325 0.1734375 0.08984375
1 0.51640625 0.328125 0.19140625 0.09375
1 0.73515625 0.328125 0.18359375 0.09140625
1 0.91953125 0.3359375 0.1609375 0.09921875
1 0.20078125 0.71015625 0.1703125 0.09375