1 0.49453125 0.70234375 0.08203125 0.20546875
1 0.3921875 0.69375 0.09296875 0.2015625
1 0.3 0.67578125 0.08046875 0.17890625
1 0.21171875 0.65234375 0.07734375 0.1828125
1 0.1296875 0.6625 0.078125 0.19765625
1 0.0453125 0.6734375 0.06875 0.19921875
1 0.60703125 0.721875 0.0828125 0.18671875
1 0.6765625 0.325 0.1734375 0.08984375
1 0.48359375 0.328125 0.19140625 0.09375
1 0.26484375 0.328125 0.18359375 0.09140625
1 0.08046875 0.3359375 0.1609375 0.09921875
1 0.79921875 0.71015625 0.1703125 0.09375