0 0.54140625 0.05 0.10859375 0.07265625
0 0.5359375 0.3671875 0.115625 0.0765625
1 0.54140625 0.13203125 0.1484375 0.06171875
1 0.146875 0.24921875 0.05625 0.140625
1 0.13984375 0.42265625 0.06171875 0.16484375
1 0.090625 0.25546875 0.0625 0.17734375
1 0.03359375 0.259375 0.06484375 0.16953125
1 0.08203125 0.43359375 0.05 0.159375
1 0.02421875 0.44453125 0.0484375 0.17578125
1 0.1375 0.7984375 0.05390625 0.175
1 0.21015625 0.8265625 0.078125 0.16484375
1 0.27578125 0.871875 0.09609375 0.16796875
1 0.07421875 0.85078125 0.06796875 0.175
1 0.021875 0.8578125 0.04375 0.17421875
1 0.53671875 0.5140625 0.134375 0.0671875
1 0.53203125 0.596875 0.1203125 0.0625
1 0.53046875 0.67265625 0.140625 0.0625