1 0.975 0.13046875 0.05 0.1640625
1 0.9171875 0.12421875 0.06640625 0.16015625
1 0.85390625 0.1234375 0.06015625 0.1796875
1 0.78671875 0.12109375 0.065625 0.16640625
1 0.6625 0.1328125 0.0578125 0.178125
1 0.5890625 0.12265625 0.06328125 0.1515625
1 0.5296875 0.12421875 0.0640625 0.1578125
1 0.46484375 0.121875 0.065625 0.1703125
1 0.403125 0.11640625 0.05546875 0.1515625
1 0.3421875 0.11796875 0.06328125 0.16328125
1 0.28125 0.115625 0.06015625 0.18203125
1 0.2125 0.1265625 0.07734375 0.1578125
1 0.14609375 0.12421875 0.0640625 0.16953125
1 0.09375 0.1203125 0.05546875 0.16171875
1 0.02578125 0.121875 0.0515625 0.190625
1 0.1421875 0.346875 0.07109375 0.18046875
1 0.334375 0.35 0.065625 0.16640625
1 0.5265625 0.34453125 0.0640625 0.15859375
1 0.5953125 0.353125 0.0578125 0.1578125
1 0.66015625 0.3515625 0.0546875 0.175
1 0.84609375 0.35 0.0640625 0.175
1 0.921875 0.34765625 0.0578125 0.16171875
1 0.8 0.6734375 0.0765625 0.18671875
1 0.9078125 0.68203125 0.0765625 0.178125
1 0.97890625 0.34921875 0.0421875 0.1546875
0 0.7890625 0.346875 0.0484375 0.1546875
0 0.975 0.68359375 0.04296875 0.16953125
0 0.6578125 0.6796875 0.06796875 0.16015625
0 0.58984375 0.675 0.0515625 0.1578125
0 0.5265625 0.67734375 0.05546875 0.14765625
0 0.46640625 0.684375 0.06015625 0.15859375
0 0.40078125 0.68359375 0.05546875 0.1546875
0 0.3328125 0.67421875 0.0625 0.15
0 0.26953125 0.68046875 0.059375 0.15
0 0.20078125 0.6828125 0.0515625 0.14140625
0 0.13671875 0.6796875 0.05390625 0.1578125
0 0.07265625 0.67890625 0.06328125 0.15625
0 0.07421875 0.34375 0.06640625 0.153125
0 0.20625 0.3453125 0.0625 0.16328125
0 0.26953125 0.34453125 0.06796875 0.14453125
0 0.39609375 0.35 0.065625 0.1578125
0 0.46484375 0.34375 0.07109375 0.15625
1 0.7484375 0.95546875 0.16015625 0.08828125
1 0.51328125 0.94296875 0.14296875 0.07109375
1 0.32578125 0.9484375 0.13515625 0.0828125
1 0.1734375 0.94921875 0.1125 0.07265625
1 0.89765625 0.95 0.11171875 0.08046875