1 0.82421875 0.1765625 0.0515625 0.10859375
1 0.76328125 0.1875 0.0625 0.13046875
1 0.7046875 0.1828125 0.06328125 0.12109375
1 0.64296875 0.178125 0.05703125 0.11796875
1 0.59921875 0.18203125 0.05546875 0.10703125
1 0.54140625 0.1796875 0.05703125 0.11484375
1 0.48515625 0.171875 0.0609375 0.11640625
1 0.371875 0.18515625 0.05546875 0.134375
1 0.32109375 0.17734375 0.04609375 0.12578125
1 0.2640625 0.175 0.06484375 0.12734375
1 0.2109375 0.1828125 0.0609375 0.1390625
1 0.6015625 0.58046875 0.04453125 0.10703125
1 0.71171875 0.59609375 0.05703125 0.10546875
1 0.77109375 0.59296875 0.05 0.12890625
1 0.8328125 0.5875 0.053125 0.11484375
1 0.55078125 0.5953125 0.04296875 0.12734375
1 0.48984375 0.5875 0.059375 0.10546875
1 0.425 0.59609375 0.0625 0.12109375
1 0.36953125 0.596875 0.06640625 0.11640625
1 0.31484375 0.59921875 0.0609375 0.11796875
1 0.2640625 0.59921875 0.04765625 0.12421875
1 0.20859375 0.59765625 0.05 0.12109375
1 0.059375 0.87734375 0.06328125 0.12578125
1 0.115625 0.88046875 0.0484375 0.12890625
1 0.17265625 0.86875 0.0515625 0.13359375
1 0.2296875 0.865625 0.053125 0.1390625
1 0.2796875 0.86484375 0.05 0.1359375
1 0.34375 0.8640625 0.05546875 0.1375
1 0.4015625 0.86640625 0.04765625 0.12265625
1 0.45 0.8703125 0.0578125 0.1359375
1 0.51328125 0.86953125 0.05703125 0.11953125
1 0.575 0.865625 0.0578125 0.12421875
1 0.62421875 0.86875 0.0484375 0.12421875
1 0.68125 0.86171875 0.05 0.12421875
0 0.65390625 0.59140625 0.059375 0.10703125
0 0.425 0.18203125 0.05546875 0.10703125
1 0.896875 0.3453125 0.1296875 0.06875
1 0.8984375 0.41484375 0.11328125 0.0703125