1 0.17578125 0.1765625 0.0515625 0.10859375
1 0.23671875 0.1875 0.0625 0.13046875
1 0.2953125 0.1828125 0.06328125 0.12109375
1 0.35703125 0.178125 0.05703125 0.11796875
1 0.40078125 0.18203125 0.05546875 0.10703125
1 0.45859375 0.1796875 0.05703125 0.11484375
1 0.51484375 0.171875 0.0609375 0.11640625
1 0.628125 0.18515625 0.05546875 0.134375
1 0.67890625 0.17734375 0.04609375 0.12578125
1 0.7359375 0.175 0.06484375 0.12734375
1 0.7890625 0.1828125 0.0609375 0.1390625
1 0.3984375 0.58046875 0.04453125 0.10703125
1 0.28828125 0.59609375 0.05703125 0.10546875
1 0.22890625 0.59296875 0.05 0.12890625
1 0.1671875 0.5875 0.053125 0.11484375
1 0.44921875 0.5953125 0.04296875 0.12734375
1 0.51015625 0.5875 0.059375 0.10546875
1 0.575 0.59609375 0.0625 0.12109375
1 0.63046875 0.596875 0.06640625 0.11640625
1 0.68515625 0.59921875 0.0609375 0.11796875
1 0.7359375 0.59921875 0.04765625 0.12421875
1 0.79140625 0.59765625 0.05 0.12109375
1 0.940625 0.87734375 0.06328125 0.12578125
1 0.884375 0.88046875 0.0484375 0.12890625
1 0.82734375 0.86875 0.0515625 0.13359375
1 0.7703125 0.865625 0.053125 0.1390625
1 0.7203125 0.86484375 0.05 0.1359375
1 0.65625 0.8640625 0.05546875 0.1375
1 0.5984375 0.86640625 0.04765625 0.12265625
1 0.55 0.8703125 0.0578125 0.1359375
1 0.48671875 0.86953125 0.05703125 0.11953125
1 0.425 0.865625 0.0578125 0.12421875
1 0.37578125 0.86875 0.0484375 0.12421875
1 0.31875 0.86171875 0.05 0.12421875
0 0.34609375 0.59140625 0.059375 0.10703125
0 0.575 0.18203125 0.05546875 0.10703125
1 0.103125 0.3453125 0.1296875 0.06875
1 0.1015625 0.41484375 0.11328125 0.0703125