1 0.21875 0.728125 0.0703125 0.1234375
1 0.28515625 0.71328125 0.07265625 0.14609375
1 0.353125 0.7109375 0.05859375 0.1546875
1 0.41953125 0.68671875 0.065625 0.14609375
1 0.4859375 0.66953125 0.06171875 0.15703125
1 0.546875 0.65625 0.05859375 0.153125
1 0.60859375 0.65 0.0546875 0.1546875
1 0.66484375 0.64453125 0.0609375 0.14140625
1 0.78671875 0.6359375 0.05859375 0.1546875
1 0.84140625 0.62109375 0.05625 0.1484375
1 0.903125 0.60625 0.0515625 0.1390625
1 0.97109375 0.59609375 0.04921875 0.14296875
0 0.72734375 0.62109375 0.05625 0.134375
1 0.428125 0.4234375 0.10546875 0.07109375
1 0.553125 0.43046875 0.13359375 0.0890625
1 0.69609375 0.41640625 0.12734375 0.08203125
1 0.82421875 0.4 0.1203125 0.0765625
1 0.94375 0.38125 0.11171875 0.08203125
1 0.5921875 0.140625 0.1109375 0.0640625
1 0.7125 0.125 0.10625 0.0875
1 0.884375 0.109375 0.12421875 0.0625
1 0.18671875 0.27265625 0.06171875 0.1375
1 0.18671875 0.440625 0.08671875 0.1046875
1 0.29296875 0.44609375 0.0984375 0.1359375