1 0.1703125 0.44765625 0.12421875 0.0859375
1 0.3421875 0.44609375 0.13125 0.0875
1 0.8515625 0.43984375 0.1125 0.06796875
1 0.959375 0.44375 0.08125 0.08125
1 0.21328125 0.9578125 0.13046875 0.0796875
1 0.38125 0.96484375 0.11875 0.0703125
1 0.51171875 0.96015625 0.11953125 0.07734375
1 0.64296875 0.95234375 0.12890625 0.08515625
1 0.86796875 0.96640625 0.1453125 0.0671875
0 0.19921875 0.19609375 0.0546875 0.14375
0 0.25546875 0.2 0.05546875 0.14921875
0 0.3125 0.2 0.05390625 0.13828125
0 0.36953125 0.19765625 0.05703125 0.134375
0 0.42890625 0.20234375 0.05 0.128125
0 0.48359375 0.2015625 0.059375 0.13203125
0 0.54453125 0.2015625 0.05546875 0.14765625
0 0.6 0.20546875 0.05 0.134375
0 0.6578125 0.20390625 0.0578125 0.1359375
0 0.71484375 0.2046875 0.0578125 0.12890625
0 0.7734375 0.20703125 0.0578125 0.134375
0 0.8328125 0.2046875 0.05859375 0.14609375
0 0.89296875 0.203125 0.06171875 0.1421875