1 0.8296875 0.44765625 0.12421875 0.0859375
1 0.6578125 0.44609375 0.13125 0.0875
1 0.1484375 0.43984375 0.1125 0.06796875
1 0.040625 0.44375 0.08125 0.08125
1 0.78671875 0.9578125 0.13046875 0.0796875
1 0.61875 0.96484375 0.11875 0.0703125
1 0.48828125 0.96015625 0.11953125 0.07734375
1 0.35703125 0.95234375 0.12890625 0.08515625
1 0.13203125 0.96640625 0.1453125 0.0671875
0 0.80078125 0.19609375 0.0546875 0.14375
0 0.74453125 0.2 0.05546875 0.14921875
0 0.6875 0.2 0.05390625 0.13828125
0 0.63046875 0.19765625 0.05703125 0.134375
0 0.57109375 0.20234375 0.05 0.128125
0 0.51640625 0.2015625 0.059375 0.13203125
0 0.45546875 0.2015625 0.05546875 0.14765625
0 0.4 0.20546875 0.05 0.134375
0 0.3421875 0.20390625 0.0578125 0.1359375
0 0.28515625 0.2046875 0.0578125 0.12890625
0 0.2265625 0.20703125 0.0578125 0.134375
0 0.1671875 0.2046875 0.05859375 0.14609375
0 0.10703125 0.203125 0.06171875 0.1421875