1 0.4984375 0.1875 0.046875 0.1109375
1 0.5453125 0.196875 0.046875 0.12265625
1 0.5921875 0.19375 0.05703125 0.12890625
1 0.64296875 0.19609375 0.04765625 0.12109375
1 0.69453125 0.1890625 0.04921875 0.1171875
1 0.740625 0.18671875 0.040625 0.1359375
1 0.78359375 0.1890625 0.046875 0.13046875
1 0.83515625 0.1828125 0.04453125 0.13046875
1 0.89140625 0.17578125 0.05 0.14609375
1 0.94609375 0.16875 0.04921875 0.13984375
0 0.44921875 0.2015625 0.05078125 0.1265625
0 0.34453125 0.19921875 0.04296875 0.1203125
1 0.396875 0.2265625 0.05859375 0.18515625
1 0.175 0.71171875 0.1140625 0.06875
1 0.5453125 0.7046875 0.1203125 0.05859375
1 0.6609375 0.69765625 0.0859375 0.05703125
1 0.76953125 0.70078125 0.08984375 0.0640625
1 0.87578125 0.696875 0.109375 0.06875
1 0.5015625 0.41171875 0.1078125 0.05859375
1 0.61640625 0.41171875 0.1015625 0.0640625
1 0.73671875 0.40234375 0.10859375 0.071875
1 0.853125 0.4109375 0.115625 0.0703125