1 0.1703125 0.24453125 0.09375 0.23984375
1 0.1734375 0.49375 0.08515625 0.18671875
1 0.16328125 0.8171875 0.075 0.23046875
1 0.4375 0.4515625 0.15078125 0.0890625
1 0.45078125 0.62578125 0.17109375 0.0921875
1 0.46328125 0.7421875 0.1703125 0.09765625
1 0.45234375 0.8796875 0.1453125 0.10859375
1 0.43046875 0.34453125 0.16640625 0.09765625
1 0.43125 0.23671875 0.175 0.09765625
1 0.421875 0.1296875 0.1875 0.09453125
1 0.43125 0.0359375 0.16640625 0.06875
1 0.75234375 0.04375 0.140625 0.0875
1 0.74609375 0.14296875 0.146875 0.0875
1 0.74140625 0.24921875 0.1375 0.08515625
1 0.74921875 0.3578125 0.14765625 0.090625
1 0.74921875 0.46328125 0.14375 0.0875
1 0.7453125 0.5578125 0.1390625 0.0796875
1 0.746875 0.659375 0.1390625 0.09296875
1 0.74765625 0.76328125 0.1453125 0.090625
1 0.746875 0.8734375 0.14296875 0.09296875
1 0.89921875 0.04765625 0.15 0.09296875
1 0.903125 0.15234375 0.1640625 0.10703125
1 0.89765625 0.25703125 0.1578125 0.10546875
1 0.8984375 0.3640625 0.1390625 0.09453125
1 0.8953125 0.45859375 0.14140625 0.10546875
1 0.89375 0.5625 0.1546875 0.103125
1 0.8953125 0.66796875 0.1515625 0.09765625
1 0.89921875 0.76953125 0.1484375 0.1109375
1 0.8984375 0.8765625 0.1421875 0.09453125
1 0.89609375 0.96484375 0.13828125 0.0703125
1 0.7484375 0.96171875 0.13984375 0.07578125
0 0.44609375 0.5421875 0.1328125 0.07578125
1 0.46484375 0.9640625 0.1390625 0.071875