1 0.8296875 0.24453125 0.09375 0.23984375
1 0.8265625 0.49375 0.08515625 0.18671875
1 0.83671875 0.8171875 0.075 0.23046875
1 0.5625 0.4515625 0.15078125 0.0890625
1 0.54921875 0.62578125 0.17109375 0.0921875
1 0.53671875 0.7421875 0.1703125 0.09765625
1 0.54765625 0.8796875 0.1453125 0.10859375
1 0.56953125 0.34453125 0.16640625 0.09765625
1 0.56875 0.23671875 0.175 0.09765625
1 0.578125 0.1296875 0.1875 0.09453125
1 0.56875 0.0359375 0.16640625 0.06875
1 0.24765625 0.04375 0.140625 0.0875
1 0.25390625 0.14296875 0.146875 0.0875
1 0.25859375 0.24921875 0.1375 0.08515625
1 0.25078125 0.3578125 0.14765625 0.090625
1 0.25078125 0.46328125 0.14375 0.0875
1 0.2546875 0.5578125 0.1390625 0.0796875
1 0.253125 0.659375 0.1390625 0.09296875
1 0.25234375 0.76328125 0.1453125 0.090625
1 0.253125 0.8734375 0.14296875 0.09296875
1 0.10078125 0.04765625 0.15 0.09296875
1 0.096875 0.15234375 0.1640625 0.10703125
1 0.10234375 0.25703125 0.1578125 0.10546875
1 0.1015625 0.3640625 0.1390625 0.09453125
1 0.1046875 0.45859375 0.14140625 0.10546875
1 0.10625 0.5625 0.1546875 0.103125
1 0.1046875 0.66796875 0.1515625 0.09765625
1 0.10078125 0.76953125 0.1484375 0.1109375
1 0.1015625 0.8765625 0.1421875 0.09453125
1 0.10390625 0.96484375 0.13828125 0.0703125
1 0.2515625 0.96171875 0.13984375 0.07578125
0 0.55390625 0.5421875 0.1328125 0.07578125
1 0.53515625 0.9640625 0.1390625 0.071875