1 0.26640625 0.16328125 0.11328125 0.25078125
1 0.128125 0.153125 0.15546875 0.29921875
1 0.02890625 0.1578125 0.0578125 0.315625
1 0.11953125 0.45 0.146875 0.31953125
1 0.25078125 0.471875 0.11875 0.35390625
1 0.546875 0.18828125 0.13671875 0.30078125
1 0.68203125 0.17890625 0.1328125 0.31328125
1 0.8265625 0.1859375 0.13671875 0.296875
1 0.946875 0.1921875 0.10625 0.3234375
1 0.55546875 0.6859375 0.13984375 0.31640625
1 0.68828125 0.69296875 0.1453125 0.31796875
1 0.81875 0.68359375 0.146875 0.30859375
1 0.94453125 0.69765625 0.11015625 0.35078125