1 0.73359375 0.16328125 0.11328125 0.25078125
1 0.871875 0.153125 0.15546875 0.29921875
1 0.97109375 0.1578125 0.0578125 0.315625
1 0.88046875 0.45 0.146875 0.31953125
1 0.74921875 0.471875 0.11875 0.35390625
1 0.453125 0.18828125 0.13671875 0.30078125
1 0.31796875 0.17890625 0.1328125 0.31328125
1 0.1734375 0.1859375 0.13671875 0.296875
1 0.053125 0.1921875 0.10625 0.3234375
1 0.44453125 0.6859375 0.13984375 0.31640625
1 0.31171875 0.69296875 0.1453125 0.31796875
1 0.18125 0.68359375 0.146875 0.30859375
1 0.05546875 0.69765625 0.11015625 0.35078125