1 0.096875 0.03515625 0.1484375 0.06953125
1 0.10390625 0.13515625 0.15625 0.096875
1 0.09453125 0.2453125 0.1546875 0.0953125
1 0.1046875 0.3609375 0.16875 0.103125
1 0.09296875 0.47265625 0.16875 0.08984375
1 0.09296875 0.57265625 0.171875 0.08671875
1 0.09140625 0.68046875 0.15703125 0.0953125
1 0.08515625 0.7859375 0.16484375 0.08515625
1 0.09609375 0.89140625 0.14921875 0.10625
1 0.2734375 0.04296875 0.171875 0.08046875
1 0.278125 0.13828125 0.18125 0.1
1 0.2703125 0.24296875 0.1765625 0.096875
1 0.278125 0.35234375 0.17421875 0.1140625
1 0.2765625 0.4671875 0.1640625 0.09375
1 0.2734375 0.57890625 0.16875 0.1078125
1 0.26953125 0.684375 0.18359375 0.0953125
1 0.259375 0.7875 0.19609375 0.1078125
1 0.265625 0.9015625 0.18203125 0.1046875
1 0.71875 0.04296875 0.16171875 0.08046875
1 0.72109375 0.1484375 0.15859375 0.090625
1 0.71796875 0.2609375 0.16171875 0.1
1 0.71875 0.3671875 0.16171875 0.08515625
1 0.72265625 0.484375 0.18359375 0.0984375
1 0.71640625 0.5890625 0.175 0.08984375
1 0.7171875 0.69140625 0.16484375 0.08203125
1 0.715625 0.79296875 0.16640625 0.08515625
1 0.725 0.91875 0.18984375 0.12109375
1 0.88984375 0.04296875 0.1640625 0.08359375
1 0.90859375 0.1515625 0.17421875 0.096875
1 0.90234375 0.26640625 0.16640625 0.08671875
1 0.903125 0.37265625 0.16171875 0.07734375
1 0.91328125 0.48828125 0.16953125 0.08828125
1 0.89296875 0.5984375 0.16328125 0.0953125
1 0.89296875 0.69765625 0.15859375 0.08203125
1 0.81875 0.75078125 0.00078125 0.003125
1 0.9 0.803125 0.1640625 0.0953125
1 0.90390625 0.9109375 0.15859375 0.0953125