1 0.95078125 0.13046875 0.0890625 0.19609375
1 0.85234375 0.13359375 0.090625 0.1828125
1 0.7546875 0.13359375 0.0859375 0.20390625
1 0.65390625 0.134375 0.09140625 0.20390625
1 0.559375 0.13359375 0.090625 0.2171875
1 0.3453125 0.1375 0.0859375 0.20390625
1 0.25078125 0.134375 0.0796875 0.21484375
1 0.15234375 0.14453125 0.08125 0.19453125
1 0.04609375 0.146875 0.08828125 0.19921875
1 0.3609375 0.44453125 0.0953125 0.22265625
1 0.2515625 0.43671875 0.09765625 0.21484375
1 0.14453125 0.42890625 0.10390625 0.23046875
1 0.04765625 0.44296875 0.08359375 0.215625
1 0.75078125 0.42734375 0.09609375 0.2
1 0.85859375 0.42109375 0.07734375 0.1828125
1 0.95625 0.41484375 0.084375 0.21171875
1 0.87734375 0.7890625 0.20703125 0.11796875
1 0.478125 0.80859375 0.20625 0.11015625
1 0.68203125 0.796875 0.1859375 0.1125
1 0.24375 0.80625 0.2015625 0.10859375
0 0.55 0.42421875 0.10234375 0.175
0 0.6515625 0.41640625 0.090625 0.1921875