1 0.04921875 0.13046875 0.0890625 0.19609375
1 0.14765625 0.13359375 0.090625 0.1828125
1 0.2453125 0.13359375 0.0859375 0.20390625
1 0.34609375 0.134375 0.09140625 0.20390625
1 0.440625 0.13359375 0.090625 0.2171875
1 0.6546875 0.1375 0.0859375 0.20390625
1 0.74921875 0.134375 0.0796875 0.21484375
1 0.84765625 0.14453125 0.08125 0.19453125
1 0.95390625 0.146875 0.08828125 0.19921875
1 0.6390625 0.44453125 0.0953125 0.22265625
1 0.7484375 0.43671875 0.09765625 0.21484375
1 0.85546875 0.42890625 0.10390625 0.23046875
1 0.95234375 0.44296875 0.08359375 0.215625
1 0.24921875 0.42734375 0.09609375 0.2
1 0.14140625 0.42109375 0.07734375 0.1828125
1 0.04375 0.41484375 0.084375 0.21171875
1 0.12265625 0.7890625 0.20703125 0.11796875
1 0.521875 0.80859375 0.20625 0.11015625
1 0.31796875 0.796875 0.1859375 0.1125
1 0.75625 0.80625 0.2015625 0.10859375
0 0.45 0.42421875 0.10234375 0.175
0 0.3484375 0.41640625 0.090625 0.1921875