1 0.47265625 0.2984375 0.09765625 0.19296875
1 0.65625 0.30390625 0.08984375 0.19765625
1 0.85234375 0.28203125 0.0953125 0.20390625
1 0.95234375 0.28828125 0.0953125 0.1984375
1 0.95078125 0.49375 0.0984375 0.2
1 0.85625 0.4984375 0.08984375 0.22578125
1 0.66328125 0.6625 0.09765625 0.2078125
1 0.5625 0.65859375 0.1078125 0.19765625
1 0.47109375 0.65859375 0.08984375 0.2109375
1 0.37421875 0.6671875 0.10625 0.209375
1 0.28203125 0.659375 0.09453125 0.2109375
1 0.18515625 0.65859375 0.0921875 0.1984375
1 0.08203125 0.65625 0.1015625 0.1984375
1 0.08046875 0.29375 0.09453125 0.209375
1 0.17578125 0.303125 0.090625 0.19765625
1 0.271875 0.30546875 0.1 0.221875
1 0.3671875 0.30546875 0.09921875 0.21640625
0 0.5671875 0.3078125 0.09296875 0.2078125