1 0.52734375 0.2984375 0.09765625 0.19296875
1 0.34375 0.30390625 0.08984375 0.19765625
1 0.14765625 0.28203125 0.0953125 0.20390625
1 0.04765625 0.28828125 0.0953125 0.1984375
1 0.04921875 0.49375 0.0984375 0.2
1 0.14375 0.4984375 0.08984375 0.22578125
1 0.33671875 0.6625 0.09765625 0.2078125
1 0.4375 0.65859375 0.1078125 0.19765625
1 0.52890625 0.65859375 0.08984375 0.2109375
1 0.62578125 0.6671875 0.10625 0.209375
1 0.71796875 0.659375 0.09453125 0.2109375
1 0.81484375 0.65859375 0.0921875 0.1984375
1 0.91796875 0.65625 0.1015625 0.1984375
1 0.91953125 0.29375 0.09453125 0.209375
1 0.82421875 0.303125 0.090625 0.19765625
1 0.728125 0.30546875 0.1 0.221875
1 0.6328125 0.30546875 0.09921875 0.21640625
0 0.4328125 0.3078125 0.09296875 0.2078125