1 0.1765625 0.43984375 0.16484375 0.11953125
1 0.078125 0.6109375 0.08125 0.2234375
1 0.08046875 0.88046875 0.07265625 0.1890625
1 0.96171875 0.1109375 0.07421875 0.221875
1 0.87578125 0.1046875 0.084375 0.19765625
1 0.78984375 0.1109375 0.07265625 0.221875
1 0.71015625 0.1109375 0.078125 0.2046875
1 0.621875 0.11953125 0.08125 0.21640625
1 0.53515625 0.1046875 0.08984375 0.209375
1 0.45078125 0.1078125 0.0796875 0.19921875
1 0.365625 0.11328125 0.0765625 0.2234375
1 0.28671875 0.10859375 0.0734375 0.2171875
1 0.20078125 0.11328125 0.078125 0.22578125
1 0.12109375 0.10546875 0.07578125 0.19609375
1 0.0390625 0.12109375 0.078125 0.2203125