1 0.0828125 0.29140625 0.08046875 0.246875
1 0.1609375 0.31640625 0.078125 0.2609375
1 0.240625 0.30703125 0.0765625 0.2734375
1 0.31875 0.3078125 0.08125 0.26640625
1 0.41171875 0.303125 0.0828125 0.27578125
1 0.5546875 0.3046875 0.07578125 0.25703125
1 0.6265625 0.30078125 0.07578125 0.25
1 0.70859375 0.303125 0.0796875 0.259375
1 0.79296875 0.30859375 0.07734375 0.2515625
1 0.8734375 0.29921875 0.07421875 0.2515625
1 0.953125 0.31484375 0.0765625 0.271875
1 0.88984375 0.8953125 0.0671875 0.209375
1 0.81328125 0.903125 0.0671875 0.19375
1 0.72890625 0.91171875 0.0703125 0.1765625
1 0.65390625 0.9125 0.08046875 0.175
1 0.5640625 0.91875 0.078125 0.1625
1 0.48203125 0.903125 0.0703125 0.19375
1 0.4078125 0.91484375 0.07890625 0.1703125
1 0.321875 0.92421875 0.0796875 0.1515625
1 0.24375 0.92421875 0.0734375 0.1515625
1 0.16015625 0.92890625 0.07578125 0.1421875