1 0.05 0.15 0.09921875 0.2671875
1 0.15078125 0.1515625 0.10625 0.25234375
1 0.2625 0.1609375 0.10859375 0.25234375
1 0.3609375 0.14765625 0.10234375 0.25234375
1 0.46171875 0.15234375 0.0921875 0.25390625
1 0.5546875 0.1328125 0.1 0.21484375
1 0.653125 0.13203125 0.0921875 0.228125
1 0.0859375 0.78359375 0.09453125 0.24296875
1 0.1890625 0.784375 0.09765625 0.24453125
1 0.3640625 0.77578125 0.1 0.2375
1 0.459375 0.790625 0.09453125 0.24453125
1 0.56171875 0.78671875 0.10234375 0.25859375
1 0.6546875 0.76796875 0.0953125 0.2671875
1 0.75234375 0.76796875 0.0953125 0.228125