0 0.06015625 0.4046875 0.1203125 0.2921875
0 0.19296875 0.403125 0.1390625 0.2859375
0 0.3359375 0.4078125 0.1359375 0.27734375
0 0.48046875 0.40703125 0.146875 0.2875
1 0.62109375 0.4078125 0.1234375 0.29609375
1 0.61484375 0.6984375 0.1390625 0.2875
1 0.75234375 0.6921875 0.14140625 0.29609375
1 0.33203125 0.70859375 0.14453125 0.30859375
1 0.06640625 0.69375 0.1328125 0.29453125
0 0.19609375 0.69765625 0.1375 0.29453125
0 0.46953125 0.69453125 0.15078125 0.30859375
0 0.89140625 0.69921875 0.1265625 0.2890625
0 0.90390625 0.41328125 0.134375 0.265625
0 0.765625 0.40390625 0.1390625 0.284375