0 0.115625 0.3203125 0.11484375 0.06875
0 0.80625 0.31171875 0.11328125 0.06484375
0 0.334375 0.88125 0.0484375 0.115625
1 0.0671875 0.196875 0.05859375 0.159375
1 0.06328125 0.0546875 0.0515625 0.09921875
1 0.109375 0.38671875 0.1234375 0.05234375
1 0.11640625 0.459375 0.1203125 0.0578125
1 0.109375 0.53046875 0.12421875 0.06328125
1 0.1125 0.61328125 0.121875 0.07421875
1 0.253125 0.65 0.13515625 0.07265625
1 0.43828125 0.65859375 0.1546875 0.08515625
1 0.69375 0.6765625 0.13671875 0.07734375
1 0.821875 0.621875 0.1265625 0.05625
1 0.82734375 0.5421875 0.1375 0.05390625
1 0.81640625 0.47265625 0.1234375 0.06875
1 0.80625 0.38828125 0.128125 0.06484375
1 0.8609375 0.20546875 0.0609375 0.125
1 0.8609375 0.059375 0.06328125 0.10703125
1 0.9109375 0.87109375 0.0734375 0.14453125
1 0.978125 0.85703125 0.04375 0.14609375
1 0.7875 0.87265625 0.07109375 0.1390625
1 0.7203125 0.88359375 0.0625 0.13359375
1 0.65703125 0.8828125 0.0484375 0.140625
1 0.58984375 0.87890625 0.0453125 0.13203125
1 0.5265625 0.878125 0.05625 0.1359375
1 0.4546875 0.88046875 0.05390625 0.1234375
1 0.38984375 0.87578125 0.05390625 0.12109375
1 0.27890625 0.87421875 0.059375 0.140625
1 0.2125 0.878125 0.05859375 0.13046875
1 0.1453125 0.875 0.059375 0.1359375
1 0.08359375 0.884375 0.059375 0.14296875