0 0.884375 0.3203125 0.11484375 0.06875
0 0.19375 0.31171875 0.11328125 0.06484375
0 0.665625 0.88125 0.0484375 0.115625
1 0.9328125 0.196875 0.05859375 0.159375
1 0.93671875 0.0546875 0.0515625 0.09921875
1 0.890625 0.38671875 0.1234375 0.05234375
1 0.88359375 0.459375 0.1203125 0.0578125
1 0.890625 0.53046875 0.12421875 0.06328125
1 0.8875 0.61328125 0.121875 0.07421875
1 0.746875 0.65 0.13515625 0.07265625
1 0.56171875 0.65859375 0.1546875 0.08515625
1 0.30625 0.6765625 0.13671875 0.07734375
1 0.178125 0.621875 0.1265625 0.05625
1 0.17265625 0.5421875 0.1375 0.05390625
1 0.18359375 0.47265625 0.1234375 0.06875
1 0.19375 0.38828125 0.128125 0.06484375
1 0.1390625 0.20546875 0.0609375 0.125
1 0.1390625 0.059375 0.06328125 0.10703125
1 0.0890625 0.87109375 0.0734375 0.14453125
1 0.021875 0.85703125 0.04375 0.14609375
1 0.2125 0.87265625 0.07109375 0.1390625
1 0.2796875 0.88359375 0.0625 0.13359375
1 0.34296875 0.8828125 0.0484375 0.140625
1 0.41015625 0.87890625 0.0453125 0.13203125
1 0.4734375 0.878125 0.05625 0.1359375
1 0.5453125 0.88046875 0.05390625 0.1234375
1 0.61015625 0.87578125 0.05390625 0.12109375
1 0.72109375 0.87421875 0.059375 0.140625
1 0.7875 0.878125 0.05859375 0.13046875
1 0.8546875 0.875 0.059375 0.1359375
1 0.91640625 0.884375 0.059375 0.14296875