1 0.18515625 0.36875 0.08125 0.21171875
1 0.26796875 0.578125 0.06796875 0.2046875
1 0.09921875 0.5765625 0.07421875 0.21015625
0 0.43515625 0.36953125 0.0828125 0.20234375
0 0.3515625 0.36875 0.07421875 0.19296875
0 0.346875 0.565625 0.07734375 0.18203125
0 0.43515625 0.57734375 0.065625 0.20078125
0 0.26796875 0.36484375 0.07734375 0.21015625
0 0.18125 0.571875 0.0796875 0.20234375
0 0.1078125 0.36796875 0.07734375 0.19453125
0 0.0359375 0.3625 0.05234375 0.196875
0 0.028125 0.56875 0.05625 0.2
1 0.790625 0.07421875 0.14765625 0.1484375
1 0.77734375 0.20859375 0.1765625 0.15703125
1 0.7625 0.3984375 0.13125 0.1625
1 0.796875 0.4640625 0.15 0.16484375
1 0.76328125 0.6203125 0.15078125 0.1421875
1 0.771875 0.7390625 0.159375 0.15390625