1 0.81484375 0.36875 0.08125 0.21171875
1 0.73203125 0.578125 0.06796875 0.2046875
1 0.90078125 0.5765625 0.07421875 0.21015625
0 0.56484375 0.36953125 0.0828125 0.20234375
0 0.6484375 0.36875 0.07421875 0.19296875
0 0.653125 0.565625 0.07734375 0.18203125
0 0.56484375 0.57734375 0.065625 0.20078125
0 0.73203125 0.36484375 0.07734375 0.21015625
0 0.81875 0.571875 0.0796875 0.20234375
0 0.8921875 0.36796875 0.07734375 0.19453125
0 0.9640625 0.3625 0.05234375 0.196875
0 0.971875 0.56875 0.05625 0.2
1 0.209375 0.07421875 0.14765625 0.1484375
1 0.22265625 0.20859375 0.1765625 0.15703125
1 0.2375 0.3984375 0.13125 0.1625
1 0.203125 0.4640625 0.15 0.16484375
1 0.23671875 0.6203125 0.15078125 0.1421875
1 0.228125 0.7390625 0.159375 0.15390625