1 0.06796875 0.09921875 0.1125 0.1984375
1 0.159375 0.30859375 0.08671875 0.225
1 0.4640625 0.30078125 0.10078125 0.209375
1 0.559375 0.3078125 0.096875 0.20703125
1 0.665625 0.309375 0.10078125 0.2109375
1 0.7640625 0.096875 0.103125 0.19140625
1 0.86171875 0.09921875 0.096875 0.1953125
1 0.85234375 0.31640625 0.08046875 0.20546875
1 0.184375 0.77734375 0.08671875 0.20703125
0 0.0484375 0.77265625 0.0890625 0.2109375
0 0.06484375 0.30390625 0.090625 0.20859375
0 0.1734375 0.09296875 0.0953125 0.1859375
0 0.27890625 0.096875 0.096875 0.19140625
0 0.26796875 0.31484375 0.090625 0.215625
0 0.36640625 0.31484375 0.08125 0.20703125
0 0.37421875 0.10078125 0.09921875 0.18984375
0 0.47265625 0.09609375 0.0921875 0.18046875
0 0.56953125 0.0953125 0.09921875 0.1734375
0 0.66171875 0.09609375 0.08828125 0.18046875
0 0.76640625 0.303125 0.08671875 0.209375
0 0.95 0.31015625 0.08125 0.2125
0 0.9546875 0.1046875 0.08984375 0.1984375