1 0.93203125 0.09921875 0.1125 0.1984375
1 0.840625 0.30859375 0.08671875 0.225
1 0.5359375 0.30078125 0.10078125 0.209375
1 0.440625 0.3078125 0.096875 0.20703125
1 0.334375 0.309375 0.10078125 0.2109375
1 0.2359375 0.096875 0.103125 0.19140625
1 0.13828125 0.09921875 0.096875 0.1953125
1 0.14765625 0.31640625 0.08046875 0.20546875
1 0.815625 0.77734375 0.08671875 0.20703125
0 0.9515625 0.77265625 0.0890625 0.2109375
0 0.93515625 0.30390625 0.090625 0.20859375
0 0.8265625 0.09296875 0.0953125 0.1859375
0 0.72109375 0.096875 0.096875 0.19140625
0 0.73203125 0.31484375 0.090625 0.215625
0 0.63359375 0.31484375 0.08125 0.20703125
0 0.62578125 0.10078125 0.09921875 0.18984375
0 0.52734375 0.09609375 0.0921875 0.18046875
0 0.43046875 0.0953125 0.09921875 0.1734375
0 0.33828125 0.09609375 0.08828125 0.18046875
0 0.23359375 0.303125 0.08671875 0.209375
0 0.05 0.31015625 0.08125 0.2125
0 0.0453125 0.1046875 0.08984375 0.1984375