1 0.325 0.07109375 0.19296875 0.1046875
1 0.8375 0.05 0.1859375 0.09375
1 0.83515625 0.14609375 0.19140625 0.103125
1 0.83515625 0.25546875 0.196875 0.1125
1 0.8328125 0.36015625 0.19375 0.1046875
1 0.83359375 0.46484375 0.1859375 0.1078125
1 0.83359375 0.575 0.18984375 0.10234375
1 0.328125 0.503125 0.2078125 0.09765625
1 0.32265625 0.3984375 0.19765625 0.103125
1 0.33203125 0.28671875 0.2171875 0.11171875
0 0.31875 0.184375 0.1875 0.1125
1 0.296875 0.79765625 0.2078125 0.115625
1 0.83046875 0.7859375 0.1953125 0.10625