1 0.675 0.07109375 0.19296875 0.1046875
1 0.1625 0.05 0.1859375 0.09375
1 0.16484375 0.14609375 0.19140625 0.103125
1 0.16484375 0.25546875 0.196875 0.1125
1 0.1671875 0.36015625 0.19375 0.1046875
1 0.16640625 0.46484375 0.1859375 0.1078125
1 0.16640625 0.575 0.18984375 0.10234375
1 0.671875 0.503125 0.2078125 0.09765625
1 0.67734375 0.3984375 0.19765625 0.103125
1 0.66796875 0.28671875 0.2171875 0.11171875
0 0.68125 0.184375 0.1875 0.1125
1 0.703125 0.79765625 0.2078125 0.115625
1 0.16953125 0.7859375 0.1953125 0.10625