1 0.6921875 0.11171875 0.19609375 0.11328125
1 0.6953125 0.23125 0.19453125 0.09609375
1 0.68828125 0.3484375 0.18828125 0.09375
1 0.69609375 0.4625 0.190625 0.08046875
1 0.69453125 0.575 0.18515625 0.0921875
1 0.17734375 0.1078125 0.20078125 0.090625
1 0.184375 0.21953125 0.18671875 0.08515625
1 0.18046875 0.32890625 0.184375 0.0875
1 0.1796875 0.43984375 0.175 0.0953125
0 0.18203125 0.55390625 0.18828125 0.090625
1 0.178125 0.665625 0.19296875 0.10625
1 0.17890625 0.7734375 0.18125 0.08515625
1 0.68671875 0.6796875 0.19609375 0.10078125