0 0.140625 0.68046875 0.075 0.16171875
0 0.0640625 0.6875 0.06796875 0.1765625
0 0.8859375 0.1078125 0.071875 0.16015625
0 0.8859375 0.34140625 0.0640625 0.1546875
0 0.73046875 0.66484375 0.078125 0.1484375
0 0.80625 0.665625 0.075 0.15859375
0 0.8796875 0.665625 0.075 0.16484375
0 0.9515625 0.66171875 0.071875 0.171875
1 0.3953125 0.7125 0.0765625 0.2
1 0.62109375 0.709375 0.075 0.20546875
1 0.12421875 0.3453125 0.0765625 0.1515625
1 0.04921875 0.36484375 0.08359375 0.171875
1 0.0453125 0.12109375 0.08046875 0.178125
1 0.125 0.11484375 0.075 0.153125
1 0.95546875 0.334375 0.059375 0.1703125
1 0.96015625 0.109375 0.06953125 0.1578125
1 0.14296875 0.946875 0.13359375 0.10078125
1 0.2828125 0.95078125 0.140625 0.0984375
1 0.4890625 0.93671875 0.1515625 0.0890625
1 0.68125 0.93046875 0.1625 0.084375
1 0.87890625 0.93359375 0.13984375 0.10390625
1 0.74375 0.13515625 0.06171875 0.1765625
1 0.6671875 0.12734375 0.0765625 0.18515625
1 0.60546875 0.13359375 0.0765625 0.190625
1 0.525 0.1078125 0.078125 0.18359375
1 0.45390625 0.18515625 0.07890625 0.18046875
1 0.37265625 0.17109375 0.07265625 0.18515625
1 0.2828125 0.15390625 0.075 0.18515625
1 0.28046875 0.334375 0.065625 0.16171875
1 0.3671875 0.3359375 0.07421875 0.1328125
1 0.61484375 0.30625 0.075 0.1578125