1 0.0390625 0.11328125 0.07734375 0.15859375
1 0.3546875 0.10859375 0.07734375 0.15
1 0.5109375 0.1140625 0.0765625 0.1578125
1 0.3375 0.5515625 0.07109375 0.14609375
1 0.4140625 0.54921875 0.08046875 0.153125
1 0.49140625 0.540625 0.07109375 0.1515625
1 0.56484375 0.55 0.08203125 0.171875
1 0.49140625 0.81328125 0.08203125 0.15625
1 0.73359375 0.7234375 0.06328125 0.1921875
1 0.73984375 0.5234375 0.08828125 0.16015625
1 0.725 0.10859375 0.07109375 0.1734375
1 0.0421875 0.5515625 0.08203125 0.18828125
1 0.17578125 0.546875 0.07734375 0.178125
1 0.0453125 0.82578125 0.075 0.1734375
1 0.18203125 0.82421875 0.0765625 0.16171875
1 0.25625 0.81875 0.08046875 0.1703125
1 0.33515625 0.8203125 0.075 0.16484375
1 0.41171875 0.81640625 0.07734375 0.16015625
0 0.56953125 0.815625 0.07265625 0.14765625
0 0.25625 0.5453125 0.08046875 0.1578125
0 0.4390625 0.1125 0.08046875 0.1515625
0 0.2796875 0.11171875 0.084375 0.15859375
0 0.2 0.10859375 0.08203125 0.16484375
0 0.11640625 0.1109375 0.07265625 0.175