1 0.68125 0.33984375 0.08984375 0.184375
1 0.3296875 0.22890625 0.07265625 0.13828125
1 0.2609375 0.22734375 0.08046875 0.13515625
1 0.184375 0.2234375 0.07578125 0.14609375
1 0.10546875 0.22265625 0.08046875 0.159375
1 0.0359375 0.22421875 0.07109375 0.165625
1 0.18671875 0.5921875 0.08046875 0.14609375
1 0.1125 0.58828125 0.07109375 0.15703125
1 0.0359375 0.58359375 0.06328125 0.14765625
1 0.34453125 0.6046875 0.09296875 0.13671875
1 0.40625 0.60625 0.05546875 0.15546875
1 0.41875 0.83515625 0.06796875 0.14296875
1 0.34140625 0.83359375 0.07421875 0.14921875
1 0.26875 0.834375 0.07734375 0.12578125
1 0.19296875 0.8296875 0.07421875 0.13203125
1 0.109375 0.82578125 0.07109375 0.13671875
1 0.04140625 0.840625 0.07109375 0.14921875
1 0.56796875 0.85703125 0.07265625 0.16875
1 0.64296875 0.86875 0.06796875 0.1609375
1 0.7234375 0.85625 0.07109375 0.15234375
1 0.8015625 0.87109375 0.06640625 0.14765625
1 0.884375 0.86171875 0.07734375 0.15703125
1 0.9609375 0.85546875 0.06015625 0.14453125
1 0.8875 0.70546875 0.08671875 0.13984375
1 0.80625 0.709375 0.06953125 0.13515625
1 0.7171875 0.71171875 0.07109375 0.12421875
1 0.64296875 0.71484375 0.08046875 0.14296875
1 0.57421875 0.69921875 0.06953125 0.15078125
0 0.26953125 0.5921875 0.08203125 0.13984375
0 0.684375 0.15390625 0.08046875 0.18125
0 0.965625 0.709375 0.06796875 0.14140625