1 0.04609375 0.26796875 0.06484375 0.14375
1 0.11015625 0.27265625 0.06328125 0.15625
1 0.18203125 0.278125 0.0796875 0.16171875
1 0.2578125 0.2765625 0.06875 0.16171875
1 0.32734375 0.27109375 0.07109375 0.1734375
1 0.39921875 0.27109375 0.07265625 0.165625
1 0.4734375 0.265625 0.075 0.14921875
1 0.546875 0.26484375 0.075 0.15625
1 0.61796875 0.26328125 0.07734375 0.153125
1 0.6859375 0.26015625 0.06640625 0.14921875
1 0.7546875 0.25625 0.07109375 0.1578125
1 0.82734375 0.25078125 0.0671875 0.16796875
1 0.89375 0.25546875 0.0625 0.15625
1 0.9640625 0.24921875 0.0609375 0.1578125
1 0.05234375 0.4453125 0.06015625 0.1671875
1 0.125 0.440625 0.0671875 0.14921875
1 0.19375 0.446875 0.07265625 0.1625
0 0.26484375 0.4390625 0.07265625 0.14375
1 0.33984375 0.440625 0.07578125 0.14921875
1 0.41171875 0.4359375 0.06328125 0.1484375
1 0.47734375 0.43671875 0.06328125 0.15625
1 0.5484375 0.42734375 0.06953125 0.15625
1 0.62421875 0.42734375 0.075 0.146875
1 0.6953125 0.428125 0.06484375 0.1578125
1 0.759375 0.421875 0.0609375 0.1625
1 0.828125 0.425 0.06640625 0.16171875
1 0.89609375 0.41484375 0.06015625 0.1578125
1 0.96328125 0.409375 0.06875 0.14296875
1 0.06953125 0.82265625 0.05390625 0.11875
1 0.13359375 0.859375 0.05 0.16796875
1 0.20625 0.86328125 0.0734375 0.18125
1 0.275 0.85234375 0.06640625 0.1671875
1 0.34765625 0.85546875 0.06328125 0.17890625
1 0.4203125 0.85078125 0.06328125 0.16171875
1 0.4890625 0.8421875 0.07734375 0.1546875
1 0.559375 0.8375 0.06953125 0.15078125
1 0.76328125 0.83046875 0.0609375 0.17734375
1 0.83984375 0.8296875 0.0796875 0.1625