1 0.053125 0.084375 0.04921875 0.146875
1 0.05 0.24453125 0.05859375 0.1453125
1 0.1015625 0.41953125 0.1078125 0.0578125
1 0.0984375 0.35390625 0.12421875 0.0609375
0 0.1015625 0.48828125 0.1078125 0.0671875
0 0.671875 0.66875 0.12421875 0.0625
0 0.79609375 0.6234375 0.115625 0.0609375
0 0.6375 0.8796875 0.0671875 0.11796875
0 0.7625 0.87265625 0.06328125 0.12265625
1 0.0875 0.55859375 0.1421875 0.0609375
1 0.09453125 0.6265625 0.146875 0.04609375
1 0.10234375 0.684375 0.11796875 0.03671875
1 0.22734375 0.66015625 0.13046875 0.0578125
1 0.36328125 0.66484375 0.11796875 0.05546875
1 0.5078125 0.67109375 0.12578125 0.0578125
1 0.06875 0.87109375 0.06875 0.11953125
1 0.13125 0.8734375 0.05546875 0.10859375
1 0.190625 0.878125 0.05859375 0.11484375
1 0.2546875 0.8765625 0.0453125 0.1359375
1 0.31875 0.871875 0.05078125 0.11484375
1 0.38515625 0.8796875 0.06015625 0.13046875
1 0.44140625 0.88125 0.06171875 0.13359375
1 0.50859375 0.87421875 0.04921875 0.11640625
1 0.56796875 0.8765625 0.06328125 0.12734375
1 0.7078125 0.87109375 0.0671875 0.12890625
1 0.88984375 0.87578125 0.06015625 0.11328125
1 0.9703125 0.8625 0.059375 0.11953125
1 0.80234375 0.55625 0.12109375 0.0578125
1 0.8 0.4859375 0.11953125 0.04765625
1 0.80546875 0.43046875 0.11796875 0.05234375
1 0.80078125 0.35859375 0.13046875 0.05546875
1 0.84765625 0.225 0.05703125 0.15
1 0.84609375 0.06953125 0.06328125 0.1359375