1 0.0265625 0.59609375 0.0453125 0.140625
1 0.05859375 0.36796875 0.08984375 0.08046875
1 0.1609375 0.35390625 0.11171875 0.06640625
1 0.0875 0.590625 0.05390625 0.12578125
1 0.165625 0.584375 0.05 0.11796875
1 0.2171875 0.57734375 0.05234375 0.1375
1 0.27109375 0.55078125 0.046875 0.10625
1 0.3296875 0.5703125 0.0625 0.16328125
1 0.39609375 0.55859375 0.05625 0.12734375
1 0.4546875 0.54375 0.05 0.103125
1 0.51171875 0.5453125 0.0546875 0.1515625
1 0.57265625 0.54609375 0.05625 0.1515625
1 0.8546875 0.63671875 0.059375 0.125
1 0.91171875 0.63984375 0.0546875 0.1484375
1 0.971875 0.6359375 0.05625 0.14609375
1 0.971875 0.83046875 0.05625 0.14140625
1 0.915625 0.8265625 0.05625 0.1359375
1 0.85625 0.81953125 0.0578125 0.121875
1 0.8015625 0.81953125 0.04921875 0.13359375
0 0.79453125 0.63515625 0.0640625 0.125
1 0.95234375 0.2703125 0.0953125 0.0625