1 0.9734375 0.59609375 0.0453125 0.140625
1 0.94140625 0.36796875 0.08984375 0.08046875
1 0.8390625 0.35390625 0.11171875 0.06640625
1 0.9125 0.590625 0.05390625 0.12578125
1 0.834375 0.584375 0.05 0.11796875
1 0.7828125 0.57734375 0.05234375 0.1375
1 0.72890625 0.55078125 0.046875 0.10625
1 0.6703125 0.5703125 0.0625 0.16328125
1 0.60390625 0.55859375 0.05625 0.12734375
1 0.5453125 0.54375 0.05 0.103125
1 0.48828125 0.5453125 0.0546875 0.1515625
1 0.42734375 0.54609375 0.05625 0.1515625
1 0.1453125 0.63671875 0.059375 0.125
1 0.08828125 0.63984375 0.0546875 0.1484375
1 0.028125 0.6359375 0.05625 0.14609375
1 0.028125 0.83046875 0.05625 0.14140625
1 0.084375 0.8265625 0.05625 0.1359375
1 0.14375 0.81953125 0.0578125 0.121875
1 0.1984375 0.81953125 0.04921875 0.13359375
0 0.20546875 0.63515625 0.0640625 0.125
1 0.04765625 0.2703125 0.0953125 0.0625