1 0.1734375 0.21796875 0.06015625 0.16171875
1 0.025 0.22890625 0.05 0.1578125
1 0.5078125 0.17734375 0.05234375 0.15390625
1 0.62734375 0.175 0.06015625 0.14140625
1 0.90625 0.14453125 0.1203125 0.06953125
0 0.80234375 0.17734375 0.06015625 0.12265625
0 0.7421875 0.1734375 0.0546875 0.12265625
0 0.6875 0.18515625 0.05859375 0.13984375
0 0.56640625 0.18046875 0.05078125 0.12265625
0 0.44765625 0.1859375 0.05859375 0.1453125
0 0.38359375 0.18515625 0.06171875 0.1328125
0 0.32265625 0.1890625 0.0515625 0.13984375
0 0.2640625 0.18359375 0.0515625 0.13203125
0 0.09609375 0.228125 0.075 0.15546875
1 0.2328125 0.4203125 0.128125 0.078125
1 0.42890625 0.41796875 0.125 0.0703125
1 0.72421875 0.39140625 0.12890625 0.065625