1 0.8265625 0.21796875 0.06015625 0.16171875
1 0.975 0.22890625 0.05 0.1578125
1 0.4921875 0.17734375 0.05234375 0.15390625
1 0.37265625 0.175 0.06015625 0.14140625
1 0.09375 0.14453125 0.1203125 0.06953125
0 0.19765625 0.17734375 0.06015625 0.12265625
0 0.2578125 0.1734375 0.0546875 0.12265625
0 0.3125 0.18515625 0.05859375 0.13984375
0 0.43359375 0.18046875 0.05078125 0.12265625
0 0.55234375 0.1859375 0.05859375 0.1453125
0 0.61640625 0.18515625 0.06171875 0.1328125
0 0.67734375 0.1890625 0.0515625 0.13984375
0 0.7359375 0.18359375 0.0515625 0.13203125
0 0.90390625 0.228125 0.075 0.15546875
1 0.7671875 0.4203125 0.128125 0.078125
1 0.57109375 0.41796875 0.125 0.0703125
1 0.27578125 0.39140625 0.12890625 0.065625