1 0.11640625 0.18046875 0.065625 0.134375
1 0.1875 0.18125 0.0640625 0.12109375
1 0.26171875 0.17578125 0.05859375 0.11953125
1 0.321875 0.18125 0.06328125 0.1265625
1 0.3875 0.18203125 0.0640625 0.14140625
1 0.4546875 0.1765625 0.05078125 0.13984375
1 0.515625 0.1703125 0.05859375 0.15234375
1 0.5734375 0.17109375 0.05859375 0.14453125
1 0.63671875 0.1703125 0.0609375 0.16328125
1 0.70390625 0.17109375 0.05625 0.14296875
1 0.7671875 0.1765625 0.053125 0.16484375
1 0.83515625 0.18203125 0.0609375 0.16328125
1 0.934375 0.165625 0.0765625 0.15078125