1 0.88359375 0.18046875 0.065625 0.134375
1 0.8125 0.18125 0.0640625 0.12109375
1 0.73828125 0.17578125 0.05859375 0.11953125
1 0.678125 0.18125 0.06328125 0.1265625
1 0.6125 0.18203125 0.0640625 0.14140625
1 0.5453125 0.1765625 0.05078125 0.13984375
1 0.484375 0.1703125 0.05859375 0.15234375
1 0.4265625 0.17109375 0.05859375 0.14453125
1 0.36328125 0.1703125 0.0609375 0.16328125
1 0.29609375 0.17109375 0.05625 0.14296875
1 0.2328125 0.1765625 0.053125 0.16484375
1 0.16484375 0.18203125 0.0609375 0.16328125
1 0.065625 0.165625 0.0765625 0.15078125