1 0.02890625 0.15 0.05078125 0.1328125
1 0.096875 0.14609375 0.0609375 0.140625
1 0.1640625 0.14375 0.05 0.11875
1 0.228125 0.13984375 0.065625 0.14765625
1 0.28984375 0.1390625 0.05078125 0.13984375
1 0.3453125 0.1359375 0.0609375 0.14375
1 0.40625 0.13828125 0.0578125 0.159375
1 0.46484375 0.14609375 0.05234375 0.1359375
1 0.53046875 0.159375 0.06875 0.1578125
1 0.59375 0.17109375 0.0578125 0.13046875
1 0.66015625 0.16953125 0.05234375 0.125
1 0.71953125 0.1546875 0.06171875 0.13984375
1 0.7796875 0.15625 0.06328125 0.1359375
1 0.8578125 0.16328125 0.065625 0.14453125
1 0.92421875 0.16953125 0.05703125 0.13046875
1 0.975 0.14453125 0.05 0.15390625
1 0.340625 0.6921875 0.11640625 0.06640625
1 0.5140625 0.6921875 0.13359375 0.0796875
1 0.67578125 0.68671875 0.15390625 0.06875
1 0.1453125 0.39375 0.11875 0.05703125
1 0.2828125 0.40390625 0.12265625 0.06484375
1 0.43984375 0.4 0.1234375 0.06875
1 0.61640625 0.3984375 0.12734375 0.06640625
1 0.74921875 0.3859375 0.12109375 0.06484375
1 0.89296875 0.38828125 0.11796875 0.06875
1 0.296875 0.86484375 0.14765625 0.09375
1 0.496875 0.8625 0.13125 0.07421875
1 0.646875 0.8625 0.1125 0.0765625
1 0.80546875 0.86171875 0.11796875 0.0703125
1 0.93671875 0.8359375 0.125 0.08359375
1 0.0890625 0.865625 0.125 0.06484375
1 0.12421875 0.96640625 0.134375 0.06640625
1 0.24921875 0.95 0.12734375 0.05859375
1 0.93359375 0.9453125 0.1078125 0.06484375