1 0.03828125 0.4890625 0.06328125 0.12109375
1 0.09921875 0.490625 0.04921875 0.11953125
1 0.14765625 0.4828125 0.06015625 0.11171875
1 0.2109375 0.48203125 0.05546875 0.10546875
1 0.26796875 0.48828125 0.05703125 0.1171875
1 0.3171875 0.4828125 0.053125 0.12265625
1 0.37265625 0.47890625 0.06015625 0.12265625
1 0.42890625 0.4734375 0.06171875 0.11953125
1 0.48515625 0.471875 0.04765625 0.12109375
1 0.5421875 0.47421875 0.04921875 0.12109375
1 0.59921875 0.46328125 0.06796875 0.1453125
1 0.6546875 0.45859375 0.05 0.1265625
1 0.71328125 0.46171875 0.053125 0.14921875
1 0.76796875 0.46484375 0.053125 0.11328125
1 0.82578125 0.471875 0.059375 0.12734375
1 0.88359375 0.46171875 0.05703125 0.12265625
1 0.94296875 0.4640625 0.04921875 0.12734375
1 0.984375 0.4625 0.03125 0.11875
1 0.98203125 0.58671875 0.0359375 0.13203125
1 0.940625 0.58671875 0.05703125 0.125
1 0.88125 0.58203125 0.06328125 0.1234375
1 0.83046875 0.59765625 0.04765625 0.115625
1 0.775 0.59453125 0.0515625 0.11953125
1 0.71328125 0.590625 0.06015625 0.12265625
1 0.65390625 0.58515625 0.05546875 0.12734375
1 0.6 0.6015625 0.04921875 0.12265625
1 0.54453125 0.5984375 0.05703125 0.1140625
1 0.4890625 0.59296875 0.05390625 0.1171875
1 0.43046875 0.60703125 0.065625 0.1234375
1 0.37734375 0.60625 0.05390625 0.1140625
1 0.32421875 0.6046875 0.0515625 0.1234375
1 0.2703125 0.60625 0.05390625 0.109375
1 0.21484375 0.6046875 0.06171875 0.115625
1 0.1546875 0.6046875 0.0515625 0.1234375
1 0.09921875 0.60859375 0.0515625 0.11015625
1 0.04296875 0.6125 0.053125 0.115625
1 0.05625 0.85 0.0453125 0.109375
1 0.13359375 0.834375 0.06015625 0.13203125
1 0.1921875 0.82421875 0.05 0.13671875
1 0.26796875 0.825 0.04609375 0.1234375
1 0.32890625 0.815625 0.0453125 0.1359375
1 0.38515625 0.82265625 0.04140625 0.134375
1 0.434375 0.815625 0.05 0.15703125
1 0.49140625 0.82734375 0.04765625 0.14609375
1 0.54921875 0.83984375 0.05 0.1265625
1 0.6046875 0.84140625 0.053125 0.1265625
1 0.6671875 0.85390625 0.04140625 0.12265625
1 0.72734375 0.8578125 0.053125 0.109375
1 0.7859375 0.834375 0.05390625 0.13046875
1 0.84765625 0.840625 0.04921875 0.12265625
1 0.921875 0.8515625 0.059375 0.125
1 0.97734375 0.8484375 0.0453125 0.121875
1 0.0328125 0.22578125 0.06328125 0.1328125
1 0.0921875 0.2234375 0.053125 0.13046875
1 0.14765625 0.22734375 0.05 0.12734375
1 0.20234375 0.21875 0.04921875 0.11875
1 0.25703125 0.2203125 0.05 0.12109375
1 0.31328125 0.21875 0.0515625 0.12890625
1 0.36953125 0.21953125 0.059375 0.11953125
1 0.425 0.22109375 0.04921875 0.12734375
1 0.48359375 0.225 0.053125 0.13046875
1 0.53828125 0.21328125 0.05390625 0.1453125
1 0.596875 0.21484375 0.05546875 0.11328125
1 0.65546875 0.2203125 0.05390625 0.134375
1 0.71328125 0.2125 0.053125 0.1328125
1 0.7640625 0.20859375 0.05 0.12265625
1 0.8171875 0.21171875 0.06015625 0.13828125
1 0.871875 0.2046875 0.05390625 0.11953125
1 0.9328125 0.2078125 0.059375 0.140625
1 0.97734375 0.203125 0.0453125 0.125
1 0.97734375 0.08515625 0.0453125 0.11171875
1 0.928125 0.08046875 0.0578125 0.10234375
1 0.87578125 0.08203125 0.05703125 0.1078125
1 0.81953125 0.0875 0.06328125 0.11875
1 0.7609375 0.0890625 0.053125 0.11953125
1 0.71328125 0.0890625 0.0515625 0.12265625
1 0.6546875 0.09140625 0.0515625 0.11875
1 0.5953125 0.0890625 0.0640625 0.12734375
1 0.5390625 0.07578125 0.053125 0.1140625
1 0.48515625 0.09140625 0.05546875 0.1234375
1 0.42421875 0.0875 0.06328125 0.12109375
1 0.365625 0.0921875 0.05390625 0.12109375
1 0.31015625 0.09296875 0.06171875 0.11953125
1 0.25078125 0.0984375 0.053125 0.11953125
1 0.19296875 0.096875 0.05703125 0.1171875
1 0.13125 0.09609375 0.06953125 0.11328125
1 0.075 0.10546875 0.065625 0.11328125
1 0.0234375 0.09140625 0.04609375 0.115625