1 0.96171875 0.4890625 0.06328125 0.12109375
1 0.90078125 0.490625 0.04921875 0.11953125
1 0.85234375 0.4828125 0.06015625 0.11171875
1 0.7890625 0.48203125 0.05546875 0.10546875
1 0.73203125 0.48828125 0.05703125 0.1171875
1 0.6828125 0.4828125 0.053125 0.12265625
1 0.62734375 0.47890625 0.06015625 0.12265625
1 0.57109375 0.4734375 0.06171875 0.11953125
1 0.51484375 0.471875 0.04765625 0.12109375
1 0.4578125 0.47421875 0.04921875 0.12109375
1 0.40078125 0.46328125 0.06796875 0.1453125
1 0.3453125 0.45859375 0.05 0.1265625
1 0.28671875 0.46171875 0.053125 0.14921875
1 0.23203125 0.46484375 0.053125 0.11328125
1 0.17421875 0.471875 0.059375 0.12734375
1 0.11640625 0.46171875 0.05703125 0.12265625
1 0.05703125 0.4640625 0.04921875 0.12734375
1 0.015625 0.4625 0.03125 0.11875
1 0.01796875 0.58671875 0.0359375 0.13203125
1 0.059375 0.58671875 0.05703125 0.125
1 0.11875 0.58203125 0.06328125 0.1234375
1 0.16953125 0.59765625 0.04765625 0.115625
1 0.225 0.59453125 0.0515625 0.11953125
1 0.28671875 0.590625 0.06015625 0.12265625
1 0.34609375 0.58515625 0.05546875 0.12734375
1 0.4 0.6015625 0.04921875 0.12265625
1 0.45546875 0.5984375 0.05703125 0.1140625
1 0.5109375 0.59296875 0.05390625 0.1171875
1 0.56953125 0.60703125 0.065625 0.1234375
1 0.62265625 0.60625 0.05390625 0.1140625
1 0.67578125 0.6046875 0.0515625 0.1234375
1 0.7296875 0.60625 0.05390625 0.109375
1 0.78515625 0.6046875 0.06171875 0.115625
1 0.8453125 0.6046875 0.0515625 0.1234375
1 0.90078125 0.60859375 0.0515625 0.11015625
1 0.95703125 0.6125 0.053125 0.115625
1 0.94375 0.85 0.0453125 0.109375
1 0.86640625 0.834375 0.06015625 0.13203125
1 0.8078125 0.82421875 0.05 0.13671875
1 0.73203125 0.825 0.04609375 0.1234375
1 0.67109375 0.815625 0.0453125 0.1359375
1 0.61484375 0.82265625 0.04140625 0.134375
1 0.565625 0.815625 0.05 0.15703125
1 0.50859375 0.82734375 0.04765625 0.14609375
1 0.45078125 0.83984375 0.05 0.1265625
1 0.3953125 0.84140625 0.053125 0.1265625
1 0.3328125 0.85390625 0.04140625 0.12265625
1 0.27265625 0.8578125 0.053125 0.109375
1 0.2140625 0.834375 0.05390625 0.13046875
1 0.15234375 0.840625 0.04921875 0.12265625
1 0.078125 0.8515625 0.059375 0.125
1 0.02265625 0.8484375 0.0453125 0.121875
1 0.9671875 0.22578125 0.06328125 0.1328125
1 0.9078125 0.2234375 0.053125 0.13046875
1 0.85234375 0.22734375 0.05 0.12734375
1 0.79765625 0.21875 0.04921875 0.11875
1 0.74296875 0.2203125 0.05 0.12109375
1 0.68671875 0.21875 0.0515625 0.12890625
1 0.63046875 0.21953125 0.059375 0.11953125
1 0.575 0.22109375 0.04921875 0.12734375
1 0.51640625 0.225 0.053125 0.13046875
1 0.46171875 0.21328125 0.05390625 0.1453125
1 0.403125 0.21484375 0.05546875 0.11328125
1 0.34453125 0.2203125 0.05390625 0.134375
1 0.28671875 0.2125 0.053125 0.1328125
1 0.2359375 0.20859375 0.05 0.12265625
1 0.1828125 0.21171875 0.06015625 0.13828125
1 0.128125 0.2046875 0.05390625 0.11953125
1 0.0671875 0.2078125 0.059375 0.140625
1 0.02265625 0.203125 0.0453125 0.125
1 0.02265625 0.08515625 0.0453125 0.11171875
1 0.071875 0.08046875 0.0578125 0.10234375
1 0.12421875 0.08203125 0.05703125 0.1078125
1 0.18046875 0.0875 0.06328125 0.11875
1 0.2390625 0.0890625 0.053125 0.11953125
1 0.28671875 0.0890625 0.0515625 0.12265625
1 0.3453125 0.09140625 0.0515625 0.11875
1 0.4046875 0.0890625 0.0640625 0.12734375
1 0.4609375 0.07578125 0.053125 0.1140625
1 0.51484375 0.09140625 0.05546875 0.1234375
1 0.57578125 0.0875 0.06328125 0.12109375
1 0.634375 0.0921875 0.05390625 0.12109375
1 0.68984375 0.09296875 0.06171875 0.11953125
1 0.74921875 0.0984375 0.053125 0.11953125
1 0.80703125 0.096875 0.05703125 0.1171875
1 0.86875 0.09609375 0.06953125 0.11328125
1 0.925 0.10546875 0.065625 0.11328125
1 0.9765625 0.09140625 0.04609375 0.115625