0 0.38046875 0.3609375 0.14765625 0.1
0 0.76796875 0.66796875 0.14140625 0.103125
1 0.22578125 0.05 0.16171875 0.078125
1 0.225 0.14296875 0.1609375 0.09765625
1 0.225 0.25390625 0.1578125 0.09296875
1 0.22265625 0.36328125 0.14765625 0.09609375
1 0.2203125 0.46953125 0.15078125 0.08671875
1 0.21953125 0.57578125 0.1546875 0.090625
1 0.2234375 0.675 0.153125 0.08125
1 0.2265625 0.7796875 0.1609375 0.0890625
1 0.225 0.87734375 0.14921875 0.0875
1 0.21953125 0.965625 0.14296875 0.0671875
1 0.37890625 0.04453125 0.14609375 0.0890625
1 0.38203125 0.146875 0.146875 0.090625
1 0.38125 0.2546875 0.14140625 0.0890625
1 0.3828125 0.4578125 0.14609375 0.090625
1 0.37734375 0.559375 0.13125 0.08515625
1 0.37734375 0.6703125 0.1359375 0.09609375
1 0.38125 0.775 0.15 0.08125
1 0.37734375 0.8703125 0.146875 0.0875
1 0.37890625 0.96015625 0.1390625 0.0671875
1 0.77578125 0.0578125 0.13828125 0.08203125
1 0.77109375 0.14921875 0.121875 0.0796875
1 0.76953125 0.2515625 0.134375 0.078125
1 0.7734375 0.36015625 0.12734375 0.08671875
1 0.765625 0.46484375 0.14609375 0.0765625
1 0.759375 0.56015625 0.146875 0.08359375
1 0.76484375 0.7671875 0.1359375 0.08125
1 0.7640625 0.8671875 0.12421875 0.0890625
1 0.76484375 0.9625 0.1421875 0.07421875
1 0.921875 0.04765625 0.13828125 0.07265625
1 0.9171875 0.1484375 0.13125 0.07109375
1 0.921875 0.25078125 0.13046875 0.0796875
1 0.92890625 0.3546875 0.1421875 0.08359375
1 0.92265625 0.4515625 0.14375 0.09453125
1 0.915625 0.5546875 0.1515625 0.08125
1 0.9125 0.65703125 0.1359375 0.09453125
1 0.9109375 0.76328125 0.16171875 0.10703125
1 0.91328125 0.86875 0.1390625 0.08359375
1 0.9203125 0.96015625 0.1421875 0.07578125