1 0.21171875 0.05546875 0.153125 0.1109375
1 0.36875 0.059375 0.15546875 0.0984375
1 0.37109375 0.165625 0.16328125 0.1125
1 0.20703125 0.165625 0.159375 0.10390625
1 0.2046875 0.26953125 0.15859375 0.0984375
1 0.36640625 0.278125 0.1625 0.109375
1 0.215625 0.37734375 0.16796875 0.10546875
1 0.37578125 0.38046875 0.18125 0.109375
1 0.3640625 0.490625 0.15859375 0.10234375
1 0.20859375 0.48671875 0.15390625 0.1078125
1 0.20546875 0.5875 0.1546875 0.10234375
1 0.3625 0.6 0.1609375 0.0984375
1 0.3625 0.69765625 0.16484375 0.1078125
1 0.20703125 0.6984375 0.1546875 0.109375
1 0.20625 0.79921875 0.1578125 0.09296875
1 0.3640625 0.80859375 0.16796875 0.1
1 0.2046875 0.90546875 0.153125 0.10234375
1 0.753125 0.80625 0.14765625 0.0984375
1 0.90234375 0.8078125 0.14765625 0.10703125
1 0.90859375 0.703125 0.16484375 0.1
1 0.7578125 0.6984375 0.1515625 0.10390625
1 0.74921875 0.596875 0.14765625 0.10703125
1 0.90703125 0.59296875 0.159375 0.08984375
1 0.75390625 0.4921875 0.14921875 0.1078125
1 0.9 0.4890625 0.15078125 0.08984375
1 0.75703125 0.38828125 0.1515625 0.0828125
1 0.90859375 0.3859375 0.15078125 0.0953125
1 0.7703125 0.28046875 0.15859375 0.09375
1 0.92265625 0.27109375 0.14296875 0.084375
1 0.7640625 0.178125 0.14765625 0.0984375
1 0.91875 0.159375 0.15546875 0.09375
1 0.76640625 0.06796875 0.13515625 0.0859375
1 0.9203125 0.06796875 0.14921875 0.07734375
1 0.74765625 0.909375 0.1453125 0.096875
1 0.90625 0.91171875 0.15859375 0.0984375
0 0.3609375 0.909375 0.153125 0.10234375