1 0.25859375 0.5421875 0.0796875 0.2203125
1 0.259375 0.76484375 0.07265625 0.2171875
1 0.184375 0.940625 0.17109375 0.09921875
1 0.62265625 0.71015625 0.0875 0.178125
1 0.70625 0.70234375 0.06875 0.1703125
1 0.790625 0.70390625 0.07890625 0.18203125
1 0.87265625 0.70078125 0.07734375 0.18515625
1 0.94765625 0.71328125 0.07265625 0.1953125
1 0.878125 0.228125 0.0859375 0.18203125
1 0.78828125 0.23515625 0.07578125 0.1921875
1 0.7109375 0.22734375 0.0734375 0.171875
1 0.62578125 0.234375 0.0796875 0.19140625
1 0.5421875 0.22265625 0.06328125 0.196875
1 0.36796875 0.1 0.06640625 0.2
1 0.29375 0.09140625 0.07734375 0.1796875
1 0.20859375 0.09375 0.0734375 0.1875
1 0.13125 0.09140625 0.06953125 0.18203125
1 0.04765625 0.08671875 0.07265625 0.1703125
1 0.4984375 0.56171875 0.16015625 0.09609375