1 0.0484375 0.2125 0.07578125 0.175
1 0.12421875 0.2140625 0.07421875 0.16875
1 0.19453125 0.221875 0.06171875 0.19609375
1 0.27265625 0.228125 0.07109375 0.19140625
1 0.34609375 0.2140625 0.06875 0.16875
1 0.48828125 0.21875 0.06484375 0.18203125
1 0.5640625 0.22265625 0.07578125 0.19140625
1 0.640625 0.21015625 0.0625 0.190625
1 0.7109375 0.215625 0.06953125 0.1875
1 0.7875 0.21953125 0.07109375 0.19453125
1 0.8609375 0.21171875 0.06015625 0.18203125
1 0.934375 0.20234375 0.06484375 0.18046875
1 0.03515625 0.6640625 0.0625 0.18046875
1 0.10078125 0.65625 0.05703125 0.18203125
1 0.17578125 0.6640625 0.071875 0.18359375
1 0.25703125 0.659375 0.0671875 0.184375
1 0.328125 0.66640625 0.05703125 0.19296875
1 0.39765625 0.675 0.0671875 0.1875
1 0.4796875 0.67421875 0.07109375 0.1890625
1 0.55703125 0.66796875 0.07578125 0.22890625
1 0.63203125 0.6703125 0.06484375 0.17890625
1 0.7140625 0.6515625 0.06875 0.19140625
1 0.7921875 0.67109375 0.0765625 0.175
1 0.86328125 0.653125 0.06015625 0.215625