1 0.9515625 0.2125 0.07578125 0.175
1 0.87578125 0.2140625 0.07421875 0.16875
1 0.80546875 0.221875 0.06171875 0.19609375
1 0.72734375 0.228125 0.07109375 0.19140625
1 0.65390625 0.2140625 0.06875 0.16875
1 0.51171875 0.21875 0.06484375 0.18203125
1 0.4359375 0.22265625 0.07578125 0.19140625
1 0.359375 0.21015625 0.0625 0.190625
1 0.2890625 0.215625 0.06953125 0.1875
1 0.2125 0.21953125 0.07109375 0.19453125
1 0.1390625 0.21171875 0.06015625 0.18203125
1 0.065625 0.20234375 0.06484375 0.18046875
1 0.96484375 0.6640625 0.0625 0.18046875
1 0.89921875 0.65625 0.05703125 0.18203125
1 0.82421875 0.6640625 0.071875 0.18359375
1 0.74296875 0.659375 0.0671875 0.184375
1 0.671875 0.66640625 0.05703125 0.19296875
1 0.60234375 0.675 0.0671875 0.1875
1 0.5203125 0.67421875 0.07109375 0.1890625
1 0.44296875 0.66796875 0.07578125 0.22890625
1 0.36796875 0.6703125 0.06484375 0.17890625
1 0.2859375 0.6515625 0.06875 0.19140625
1 0.2078125 0.67109375 0.0765625 0.175
1 0.13671875 0.653125 0.06015625 0.215625