1 0.2375 0.46640625 0.13359375 0.0765625
1 0.1671875 0.33984375 0.065625 0.1484375
1 0.040625 0.340625 0.0609375 0.17421875
1 0.0375 0.159375 0.0609375 0.18046875
1 0.10078125 0.16875 0.06640625 0.17890625
1 0.16640625 0.165625 0.0609375 0.17265625
1 0.23203125 0.1640625 0.06875 0.1703125
1 0.24296875 0.55625 0.1421875 0.078125
1 0.22578125 0.64609375 0.14375 0.075
1 0.046875 0.82265625 0.078125 0.1859375
1 0.365625 0.52890625 0.0625 0.15546875
1 0.38046875 0.71015625 0.05390625 0.17734375
1 0.365625 0.1125 0.06015625 0.16171875
0 0.096875 0.340625 0.05859375 0.16171875
1 0.60390625 0.24609375 0.07109375 0.17734375
1 0.6 0.07265625 0.0703125 0.1453125
1 0.6125 0.44765625 0.0609375 0.15390625
1 0.6109375 0.67890625 0.07578125 0.15546875
1 0.61015625 0.840625 0.07421875 0.153125