1 0.3890625 0.571875 0.203125 0.103125
1 0.37890625 0.6859375 0.19765625 0.0921875
1 0.390625 0.46953125 0.17734375 0.0859375
1 0.38984375 0.134375 0.08984375 0.1875
1 0.29453125 0.11640625 0.07421875 0.17578125
1 0.21796875 0.1234375 0.09296875 0.1859375
1 0.29140625 0.32109375 0.0640625 0.1828125
1 0.209375 0.32890625 0.07578125 0.1953125
1 0.1234375 0.1203125 0.0640625 0.1859375
1 0.121875 0.33125 0.07421875 0.20546875
1 0.03984375 0.31796875 0.07421875 0.16953125
1 0.03671875 0.11640625 0.07265625 0.20859375
1 0.05859375 0.66484375 0.0890625 0.1828125
1 0.03828125 0.86484375 0.0765625 0.1796875
1 0.12890625 0.8640625 0.0859375 0.2
1 0.55546875 0.1984375 0.07265625 0.196875
1 0.54921875 0.57421875 0.0859375 0.21015625
1 0.553125 0.7765625 0.0640625 0.1828125
1 0.875 0.73984375 0.11875 0.2
1 0.896875 0.50234375 0.12890625 0.25703125
1 0.88828125 0.2578125 0.1171875 0.2015625
1 0.88671875 0.06171875 0.0953125 0.1234375