1 0.946875 0.2765625 0.0953125 0.1984375
1 0.94296875 0.5 0.109375 0.21875
1 0.8296875 0.496875 0.103125 0.21484375
1 0.84140625 0.27421875 0.1078125 0.21875
1 0.725 0.259375 0.10390625 0.259375
1 0.725 0.50625 0.1015625 0.23671875
1 0.61171875 0.25546875 0.09609375 0.23828125
1 0.6125 0.50234375 0.11640625 0.228125
1 0.49609375 0.26484375 0.10546875 0.21328125
1 0.4953125 0.49453125 0.1 0.20546875
1 0.38359375 0.50078125 0.125 0.228125
1 0.4 0.2546875 0.0921875 0.2203125
1 0.26875 0.496875 0.12265625 0.22578125
1 0.29296875 0.2640625 0.11171875 0.228125
1 0.16328125 0.49765625 0.11171875 0.21875
1 0.17421875 0.2640625 0.1203125 0.23671875
1 0.05546875 0.2609375 0.1109375 0.225
1 0.0515625 0.4984375 0.1015625 0.21796875