1 0.71328125 0.69453125 0.1453125 0.3
1 0.225 0.43125 0.2171875 0.1890625
1 0.12890625 0.2640625 0.234375 0.13828125
1 0.1796875 0.1140625 0.2390625 0.13046875
1 0.26875 0.05234375 0.165625 0.1046875
1 0.22421875 0.64765625 0.2328125 0.20078125
1 0.22109375 0.81953125 0.23046875 0.14609375
1 0.109375 0.934375 0.21796875 0.13125
0 0.846875 0.4078125 0.115625 0.27578125
0 0.72265625 0.4015625 0.128125 0.2859375
0 0.953125 0.40546875 0.0890625 0.2875
0 0.9578125 0.6953125 0.08359375 0.284375
0 0.853125 0.68984375 0.12578125 0.2875