1 0.346875 0.1015625 0.19765625 0.11875
1 0.14921875 0.115625 0.20546875 0.12421875
1 0.14296875 0.24375 0.215625 0.11328125
1 0.3703125 0.24375 0.20390625 0.11875
1 0.1515625 0.3765625 0.22578125 0.11875
1 0.14140625 0.50703125 0.21796875 0.11640625
1 0.14453125 0.63515625 0.2296875 0.1078125
1 0.1625 0.76484375 0.20234375 0.11484375
1 0.1390625 0.8890625 0.2234375 0.09765625
1 0.38671875 0.8875 0.23125 0.09765625
1 0.396875 0.77265625 0.2453125 0.1296875
1 0.3828125 0.6328125 0.2125 0.1078125
1 0.3703125 0.49609375 0.2125 0.12265625
1 0.36171875 0.37265625 0.1984375 0.11328125