1 0.653125 0.1015625 0.19765625 0.11875
1 0.85078125 0.115625 0.20546875 0.12421875
1 0.85703125 0.24375 0.215625 0.11328125
1 0.6296875 0.24375 0.20390625 0.11875
1 0.8484375 0.3765625 0.22578125 0.11875
1 0.85859375 0.50703125 0.21796875 0.11640625
1 0.85546875 0.63515625 0.2296875 0.1078125
1 0.8375 0.76484375 0.20234375 0.11484375
1 0.8609375 0.8890625 0.2234375 0.09765625
1 0.61328125 0.8875 0.23125 0.09765625
1 0.603125 0.77265625 0.2453125 0.1296875
1 0.6171875 0.6328125 0.2125 0.1078125
1 0.6296875 0.49609375 0.2125 0.12265625
1 0.63828125 0.37265625 0.1984375 0.11328125