1 0.1546875 0.11953125 0.06875 0.1265625
1 0.21640625 0.12109375 0.071875 0.115625
1 0.278125 0.115625 0.059375 0.1265625
1 0.35078125 0.11875 0.0609375 0.11953125
1 0.41484375 0.12265625 0.06484375 0.1265625
1 0.48515625 0.12265625 0.06796875 0.13203125
1 0.62578125 0.11015625 0.07421875 0.140625
1 0.6953125 0.11171875 0.059375 0.12890625
1 0.76875 0.109375 0.0625 0.11953125
1 0.76796875 0.57265625 0.0609375 0.14453125
1 0.70390625 0.56640625 0.05390625 0.1375
1 0.63515625 0.5703125 0.0578125 0.1359375
1 0.5625 0.56953125 0.06796875 0.140625
1 0.4953125 0.5765625 0.0734375 0.1265625
1 0.42109375 0.57890625 0.06640625 0.13203125
1 0.35234375 0.5765625 0.05546875 0.115625
1 0.2921875 0.5890625 0.0703125 0.14453125
1 0.22265625 0.5640625 0.071875 0.115625
1 0.1546875 0.578125 0.0578125 0.13046875
1 0.6078125 0.86015625 0.07421875 0.1390625
1 0.53515625 0.86484375 0.06796875 0.134375
1 0.45859375 0.8703125 0.07734375 0.13203125
1 0.38671875 0.86328125 0.08046875 0.14453125
1 0.31171875 0.86796875 0.07734375 0.115625
1 0.24609375 0.8734375 0.0625 0.13203125
1 0.17265625 0.87421875 0.06875 0.13203125
1 0.10390625 0.86875 0.06796875 0.11953125
1 0.03203125 0.87421875 0.05546875 0.1359375
0 0.55078125 0.121875 0.06875 0.12265625
1 0.80703125 0.2953125 0.153125 0.0671875
1 0.81171875 0.37421875 0.15703125 0.065625
1 0.94609375 0.26640625 0.09375 0.09375
1 0.96171875 0.14609375 0.0765625 0.13203125
1 0.9328125 0.4328125 0.134375 0.08125
1 0.96328125 0.54453125 0.0734375 0.13046875