1 0.5984375 0.55625 0.07890625 0.20390625
1 0.51328125 0.54921875 0.0890625 0.1984375
1 0.415625 0.559375 0.08515625 0.21015625
1 0.22265625 0.55625 0.0890625 0.1984375
1 0.11328125 0.5390625 0.09140625 0.1859375
1 0.025 0.553125 0.04921875 0.21953125
1 0.84765625 0.5203125 0.09140625 0.1984375
1 0.66484375 0.16953125 0.18359375 0.084375
1 0.6421875 0.27734375 0.19296875 0.08046875
1 0.83125 0.0765625 0.1671875 0.1046875
1 0.8296875 0.3203125 0.10390625 0.15546875
0 0.3265625 0.54140625 0.0828125 0.18203125