1 0.4015625 0.55625 0.07890625 0.20390625
1 0.48671875 0.54921875 0.0890625 0.1984375
1 0.584375 0.559375 0.08515625 0.21015625
1 0.77734375 0.55625 0.0890625 0.1984375
1 0.88671875 0.5390625 0.09140625 0.1859375
1 0.975 0.553125 0.04921875 0.21953125
1 0.15234375 0.5203125 0.09140625 0.1984375
1 0.33515625 0.16953125 0.18359375 0.084375
1 0.3578125 0.27734375 0.19296875 0.08046875
1 0.16875 0.0765625 0.1671875 0.1046875
1 0.1703125 0.3203125 0.10390625 0.15546875
0 0.6734375 0.54140625 0.0828125 0.18203125