1 0.39296875 0.0515625 0.2203125 0.0921875
1 0.85390625 0.0984375 0.20859375 0.0953125
1 0.8453125 0.21328125 0.203125 0.10078125
1 0.8421875 0.32890625 0.21171875 0.0875
1 0.85859375 0.4359375 0.18125 0.08359375
1 0.85078125 0.54921875 0.18828125 0.09765625
1 0.85 0.66015625 0.19296875 0.09921875
1 0.84296875 0.77421875 0.21015625 0.0953125
1 0.39140625 0.1625 0.21328125 0.0890625
1 0.375 0.2765625 0.22890625 0.09921875
1 0.37890625 0.3921875 0.2375 0.0890625
1 0.375 0.49296875 0.22890625 0.0765625
1 0.37265625 0.5984375 0.21328125 0.0890625
1 0.375 0.70546875 0.22421875 0.08515625
1 0.37421875 0.81640625 0.215625 0.10234375
1 0.3671875 0.9296875 0.2140625 0.1046875