1 0.04609375 0.32890625 0.08984375 0.15625
1 0.13828125 0.3296875 0.08203125 0.1515625
1 0.225 0.334375 0.08828125 0.13828125
1 0.03984375 0.1140625 0.07265625 0.16328125
1 0.128125 0.10859375 0.07890625 0.15859375
1 0.22734375 0.096875 0.08984375 0.1796875
1 0.3125 0.09921875 0.08203125 0.16953125
1 0.39765625 0.10234375 0.09140625 0.171875
1 0.48984375 0.1078125 0.09921875 0.16640625
1 0.59140625 0.10390625 0.08984375 0.15859375
1 0.6921875 0.0984375 0.08671875 0.15625
1 0.790625 0.10703125 0.08828125 0.15625
1 0.88359375 0.103125 0.09453125 0.18203125
1 0.95859375 0.10234375 0.0828125 0.2046875
1 0.49140625 0.33515625 0.09453125 0.18046875
1 0.67109375 0.3328125 0.10078125 0.175
1 0.31015625 0.653125 0.08984375 0.1578125
1 0.04296875 0.65859375 0.07265625 0.18203125
1 0.07421875 0.903125 0.1484375 0.0859375
1 0.540625 0.8828125 0.2078125 0.0859375
0 0.12734375 0.65859375 0.08359375 0.15859375
0 0.21875 0.66015625 0.08359375 0.16171875
0 0.4046875 0.653125 0.09140625 0.1515625
0 0.4953125 0.65703125 0.09609375 0.1703125
0 0.64765625 0.61953125 0.1953125 0.09921875
0 0.85625 0.62109375 0.2078125 0.09921875
0 0.76796875 0.328125 0.09921875 0.14609375
0 0.859375 0.325 0.10546875 0.14296875
0 0.57890625 0.325 0.09453125 0.14609375
0 0.39765625 0.33046875 0.08828125 0.14765625
0 0.31328125 0.33125 0.08515625 0.14296875