1 0.76953125 0.04453125 0.13515625 0.07421875
1 0.77265625 0.14765625 0.11171875 0.06875
1 0.7640625 0.2625 0.16015625 0.07578125
1 0.759375 0.35234375 0.1546875 0.06875
1 0.75859375 0.4421875 0.16015625 0.05703125
1 0.73203125 0.67109375 0.12734375 0.07109375
1 0.72421875 0.75859375 0.1671875 0.07734375
1 0.72421875 0.8453125 0.1640625 0.07109375
1 0.53671875 0.77890625 0.15859375 0.1046875
1 0.53984375 0.66796875 0.15625 0.07890625
1 0.5515625 0.578125 0.16328125 0.07421875
1 0.559375 0.46015625 0.1515625 0.07421875
1 0.30234375 0.3671875 0.09375 0.18984375
1 0.2828125 0.56015625 0.08125 0.1515625
1 0.16484375 0.7640625 0.096875 0.16640625
1 0.19765625 0.4453125 0.096875 0.14765625
1 0.19453125 0.26484375 0.08984375 0.15859375
1 0.2125 0.07734375 0.0953125 0.15390625
1 0.5296875 0.13671875 0.10078125 0.1703125
1 0.13515625 0.93828125 0.10390625 0.1234375
0 0.7421875 0.5140625 0.1421875 0.06875
0 0.7359375 0.58671875 0.1515625 0.065625