1 0.86015625 0.1890625 0.0671875 0.11796875
1 0.7875 0.190625 0.0671875 0.13359375
0 0.72578125 0.1890625 0.0625 0.11796875
1 0.65546875 0.18671875 0.07265625 0.11953125
1 0.57578125 0.18359375 0.065625 0.13203125
1 0.50859375 0.18984375 0.06875 0.13203125
1 0.44296875 0.18984375 0.065625 0.1375
1 0.3734375 0.19140625 0.07265625 0.134375
1 0.30390625 0.184375 0.0609375 0.12109375
1 0.2328125 0.18046875 0.07109375 0.12265625
1 0.03515625 0.20703125 0.05703125 0.11015625
1 0.203125 0.3515625 0.1703125 0.05703125
1 0.17890625 0.41796875 0.1515625 0.05234375
1 0.23046875 0.6015625 0.059375 0.11328125
1 0.29296875 0.6015625 0.06875 0.12265625
1 0.36875 0.6046875 0.07265625 0.134375
1 0.43828125 0.60390625 0.07109375 0.13359375
1 0.51171875 0.61015625 0.07265625 0.1359375
1 0.5828125 0.6109375 0.0625 0.134375
1 0.6546875 0.60078125 0.0609375 0.12109375
1 0.72578125 0.61015625 0.06875 0.1390625
1 0.8 0.6015625 0.07578125 0.11640625
1 0.859375 0.603125 0.0625 0.12890625
1 0.965625 0.87265625 0.06875 0.146875
1 0.903125 0.8625 0.065625 0.1375
1 0.83203125 0.8765625 0.059375 0.13359375
1 0.76875 0.86015625 0.0640625 0.13046875
1 0.69765625 0.8703125 0.059375 0.1390625
1 0.625 0.865625 0.06875 0.12109375
1 0.55234375 0.8671875 0.05546875 0.12734375
1 0.4796875 0.865625 0.05546875 0.11796875
1 0.4046875 0.86484375 0.08125 0.11796875