1 0.13984375 0.1890625 0.0671875 0.11796875
1 0.2125 0.190625 0.0671875 0.13359375
0 0.27421875 0.1890625 0.0625 0.11796875
1 0.34453125 0.18671875 0.07265625 0.11953125
1 0.42421875 0.18359375 0.065625 0.13203125
1 0.49140625 0.18984375 0.06875 0.13203125
1 0.55703125 0.18984375 0.065625 0.1375
1 0.6265625 0.19140625 0.07265625 0.134375
1 0.69609375 0.184375 0.0609375 0.12109375
1 0.7671875 0.18046875 0.07109375 0.12265625
1 0.96484375 0.20703125 0.05703125 0.11015625
1 0.796875 0.3515625 0.1703125 0.05703125
1 0.82109375 0.41796875 0.1515625 0.05234375
1 0.76953125 0.6015625 0.059375 0.11328125
1 0.70703125 0.6015625 0.06875 0.12265625
1 0.63125 0.6046875 0.07265625 0.134375
1 0.56171875 0.60390625 0.07109375 0.13359375
1 0.48828125 0.61015625 0.07265625 0.1359375
1 0.4171875 0.6109375 0.0625 0.134375
1 0.3453125 0.60078125 0.0609375 0.12109375
1 0.27421875 0.61015625 0.06875 0.1390625
1 0.2 0.6015625 0.07578125 0.11640625
1 0.140625 0.603125 0.0625 0.12890625
1 0.034375 0.87265625 0.06875 0.146875
1 0.096875 0.8625 0.065625 0.1375
1 0.16796875 0.8765625 0.059375 0.13359375
1 0.23125 0.86015625 0.0640625 0.13046875
1 0.30234375 0.8703125 0.059375 0.1390625
1 0.375 0.865625 0.06875 0.12109375
1 0.44765625 0.8671875 0.05546875 0.12734375
1 0.5203125 0.865625 0.05546875 0.11796875
1 0.5953125 0.86484375 0.08125 0.11796875