1 0.1578125 0.39375 0.1734375 0.06640625
1 0.8734375 0.38671875 0.14765625 0.06015625
1 0.87734375 0.8390625 0.159375 0.06640625
1 0.5703125 0.8390625 0.178125 0.0734375
1 0.39375 0.84765625 0.13984375 0.06015625
1 0.21328125 0.85625 0.15390625 0.05
0 0.93671875 0.16875 0.0859375 0.12265625
0 0.85546875 0.17109375 0.0703125 0.1171875
0 0.78046875 0.1765625 0.06640625 0.11015625
0 0.69921875 0.175 0.0828125 0.115625
0 0.61875 0.17734375 0.078125 0.11875
0 0.540625 0.17421875 0.06640625 0.11953125
0 0.46015625 0.16875 0.06875 0.1171875
0 0.38125 0.175 0.0765625 0.1234375
0 0.2203125 0.17265625 0.06875 0.1171875
0 0.0625 0.178125 0.071875 0.125