1 0.8421875 0.39375 0.1734375 0.06640625
1 0.1265625 0.38671875 0.14765625 0.06015625
1 0.12265625 0.8390625 0.159375 0.06640625
1 0.4296875 0.8390625 0.178125 0.0734375
1 0.60625 0.84765625 0.13984375 0.06015625
1 0.78671875 0.85625 0.15390625 0.05
0 0.06328125 0.16875 0.0859375 0.12265625
0 0.14453125 0.17109375 0.0703125 0.1171875
0 0.21953125 0.1765625 0.06640625 0.11015625
0 0.30078125 0.175 0.0828125 0.115625
0 0.38125 0.17734375 0.078125 0.11875
0 0.459375 0.17421875 0.06640625 0.11953125
0 0.53984375 0.16875 0.06875 0.1171875
0 0.61875 0.175 0.0765625 0.1234375
0 0.7796875 0.17265625 0.06875 0.1171875
0 0.9375 0.178125 0.071875 0.125