1 0.22890625 0.0421875 0.12265625 0.05078125
1 0.23125 0.1046875 0.10546875 0.05703125
1 0.2390625 0.16796875 0.10546875 0.05625
1 0.246875 0.23046875 0.12109375 0.05078125
1 0.146875 0.08515625 0.05859375 0.11171875
1 0.15234375 0.20625 0.05234375 0.10390625
1 0.09453125 0.07890625 0.05625 0.115625
1 0.096875 0.2125 0.0609375 0.11171875
1 0.034375 0.08125 0.05078125 0.109375
1 0.0359375 0.209375 0.0609375 0.1234375
1 0.15546875 0.45859375 0.05234375 0.11015625
1 0.2390625 0.425 0.11328125 0.06015625
1 0.24609375 0.48828125 0.109375 0.05078125
1 0.25 0.54765625 0.1078125 0.0515625
1 0.25 0.60546875 0.1109375 0.05078125
1 0.165625 0.58203125 0.05234375 0.115625
1 0.10625 0.58046875 0.053125 0.11015625
1 0.1015625 0.45625 0.0640625 0.11953125
1 0.05078125 0.45859375 0.05625 0.10234375
1 0.04921875 0.58359375 0.05078125 0.115625
1 0.0515625 0.84140625 0.06015625 0.1234375
1 0.10625 0.83515625 0.06015625 0.11953125
1 0.16875 0.825 0.046875 0.13203125
1 0.253125 0.80546875 0.11171875 0.046875
1 0.25546875 0.8671875 0.10234375 0.03984375