1 0.77109375 0.0421875 0.12265625 0.05078125
1 0.76875 0.1046875 0.10546875 0.05703125
1 0.7609375 0.16796875 0.10546875 0.05625
1 0.753125 0.23046875 0.12109375 0.05078125
1 0.853125 0.08515625 0.05859375 0.11171875
1 0.84765625 0.20625 0.05234375 0.10390625
1 0.90546875 0.07890625 0.05625 0.115625
1 0.903125 0.2125 0.0609375 0.11171875
1 0.965625 0.08125 0.05078125 0.109375
1 0.9640625 0.209375 0.0609375 0.1234375
1 0.84453125 0.45859375 0.05234375 0.11015625
1 0.7609375 0.425 0.11328125 0.06015625
1 0.75390625 0.48828125 0.109375 0.05078125
1 0.75 0.54765625 0.1078125 0.0515625
1 0.75 0.60546875 0.1109375 0.05078125
1 0.834375 0.58203125 0.05234375 0.115625
1 0.89375 0.58046875 0.053125 0.11015625
1 0.8984375 0.45625 0.0640625 0.11953125
1 0.94921875 0.45859375 0.05625 0.10234375
1 0.95078125 0.58359375 0.05078125 0.115625
1 0.9484375 0.84140625 0.06015625 0.1234375
1 0.89375 0.83515625 0.06015625 0.11953125
1 0.83125 0.825 0.046875 0.13203125
1 0.746875 0.80546875 0.11171875 0.046875
1 0.74453125 0.8671875 0.10234375 0.03984375