1 0.33515625 0.05546875 0.225 0.1109375
1 0.5515625 0.04921875 0.19140625 0.090625
1 0.55703125 0.146875 0.21640625 0.0875
1 0.3390625 0.15546875 0.21796875 0.08671875
1 0.34765625 0.25703125 0.2203125 0.08359375
1 0.5640625 0.23515625 0.21640625 0.10546875
1 0.5625 0.3453125 0.22578125 0.1125
1 0.3453125 0.3515625 0.2046875 0.09765625
1 0.34140625 0.45546875 0.1859375 0.09609375
1 0.55078125 0.4546875 0.21484375 0.078125
1 0.55234375 0.55390625 0.209375 0.0984375
1 0.346875 0.56796875 0.2109375 0.09609375
1 0.33515625 0.6703125 0.2203125 0.10703125
1 0.55546875 0.66640625 0.2203125 0.1015625
1 0.32890625 0.7765625 0.19921875 0.09453125
1 0.5578125 0.76953125 0.22890625 0.0890625
1 0.32421875 0.871875 0.221875 0.090625
1 0.56328125 0.8703125 0.22890625 0.0984375
1 0.565625 0.9546875 0.23046875 0.08984375
1 0.33984375 0.96171875 0.2328125 0.07578125