1 0.66484375 0.05546875 0.225 0.1109375
1 0.4484375 0.04921875 0.19140625 0.090625
1 0.44296875 0.146875 0.21640625 0.0875
1 0.6609375 0.15546875 0.21796875 0.08671875
1 0.65234375 0.25703125 0.2203125 0.08359375
1 0.4359375 0.23515625 0.21640625 0.10546875
1 0.4375 0.3453125 0.22578125 0.1125
1 0.6546875 0.3515625 0.2046875 0.09765625
1 0.65859375 0.45546875 0.1859375 0.09609375
1 0.44921875 0.4546875 0.21484375 0.078125
1 0.44765625 0.55390625 0.209375 0.0984375
1 0.653125 0.56796875 0.2109375 0.09609375
1 0.66484375 0.6703125 0.2203125 0.10703125
1 0.44453125 0.66640625 0.2203125 0.1015625
1 0.67109375 0.7765625 0.19921875 0.09453125
1 0.4421875 0.76953125 0.22890625 0.0890625
1 0.67578125 0.871875 0.221875 0.090625
1 0.43671875 0.8703125 0.22890625 0.0984375
1 0.434375 0.9546875 0.23046875 0.08984375
1 0.66015625 0.96171875 0.2328125 0.07578125