1 0.42578125 0.7015625 0.09921875 0.1921875
1 0.33046875 0.70546875 0.09921875 0.1734375
1 0.228125 0.70546875 0.09453125 0.16796875
1 0.13984375 0.6984375 0.09609375 0.1546875
1 0.04375 0.7125 0.075 0.18203125
1 0.0328125 0.2234375 0.05390625 0.178125
1 0.1203125 0.24140625 0.10234375 0.203125
1 0.21875 0.23828125 0.09140625 0.19140625
1 0.3109375 0.2359375 0.09296875 0.18125
1 0.40703125 0.24140625 0.0828125 0.16484375
1 0.4953125 0.22890625 0.10078125 0.16015625
1 0.703125 0.75859375 0.0734375 0.16015625
1 0.70390625 0.21171875 0.08984375 0.18984375