1 0.26796875 0.51484375 0.11171875 0.22265625
1 0.2640625 0.73515625 0.10390625 0.22265625
1 0.3609375 0.9015625 0.21015625 0.0953125
1 0.34375 0.975 0.1796875 0.05
1 0.11328125 0.0890625 0.090625 0.17734375
1 0.22265625 0.09140625 0.0984375 0.17734375
1 0.3234375 0.08515625 0.0859375 0.15625
1 0.52890625 0.08828125 0.11796875 0.159375
1 0.66484375 0.0859375 0.10859375 0.171875
1 0.84609375 0.08671875 0.11171875 0.16796875
1 0.95390625 0.0875 0.09140625 0.1546875
0 0.7515625 0.0796875 0.084375 0.159375
0 0.41328125 0.075 0.11328125 0.14765625